Element ; Region 1 of 1; Depth Cycle 1 of 1; Time Per Step 50; Sweeps 5; Anode Mg; Photon Energy 1253.6; XPS;
1100	22818.7
1099.75	22818.7
1099.5	22818.7
1099.25	22818.7
1099	22818.7
1098.75	22818.7
1098.5	22818.7
1098.25	22818.7
1098	22818.7
1097.75	22818.7
1097.5	22818.7
1097.25	22818.7
1097	22818.7
1096.75	22818.7
1096.5	22818.7
1096.25	22818.7
1096	22818.7
1095.75	22818.7
1095.5	22818.7
1095.25	22818.7
1095	22818.7
1094.75	22818.7
1094.5	22818.7
1094.25	22818.7
1094	22818.7
1093.75	22880.4
1093.5	22878.7
1093.25	22784.4
1093	22759.2
1092.75	22735.4
1092.5	22714.9
1092.25	22724.4
1092	22663.9
1091.75	22544.2
1091.5	22439.2
1091.25	22412.7
1091	22419.7
1090.75	22332.4
1090.5	22280.9
1090.25	22272.9
1090	22232.4
1089.75	22218.7
1089.5	22203.7
1089.25	22109.7
1089	21981.9
1088.75	22042.4
1088.5	22197.4
1088.25	22175.4
1088	22113.4
1087.75	22122.9
1087.5	22084.4
1087.25	21984.7
1087	21804.9
1086.75	21679.9
1086.5	21721.9
1086.25	21656.9
1086	21469.6
1085.75	21372.4
1085.5	21309.4
1085.25	21320.2
1085	21282.1
1084.75	21213.9
1084.5	21132.3
1084.25	21000.5
1084	20998.2
1083.75	21065.7
1083.5	21141.4
1083.25	21030.1
1083	20922.5
1082.75	20987.3
1082.5	20983.2
1082.25	20802.7
1082	20739.1
1081.75	20851.2
1081.5	20890.9
1081.25	20902.2
1081	20873
1080.75	20643.6
1080.5	20530.8
1080.25	20656.5
1080	20682.1
1079.75	20637.5
1079.5	20628.5
1079.25	20587.8
1079	20470.2
1078.75	20338.7
1078.5	20388.1
1078.25	20505.4
1078	20437
1077.75	20411.3
1077.5	20540.3
1077.25	20603.7
1077	20652.4
1076.75	20588.7
1076.5	20545.2
1076.25	20700.5
1076	20756.1
1075.75	20799.4
1075.5	20950.4
1075.25	21013.5
1075	21095.5
1074.75	21199.1
1074.5	21362.4
1074.25	21588.7
1074	21627
1073.75	21510.1
1073.5	21376.3
1073.25	21118.1
1073	20919.7
1072.75	20851.1
1072.5	20655.4
1072.25	20406.1
1072	20224.9
1071.75	20085.7
1071.5	19966.8
1071.25	19813.5
1071	19694.1
1070.75	19647.3
1070.5	19589.8
1070.25	19566.3
1070	19526.9
1069.75	19460.6
1069.5	19495.6
1069.25	19504.5
1069	19419
1068.75	19366.1
1068.5	19412
1068.25	19518.7
1068	19614.3
1067.75	19552.1
1067.5	19295.7
1067.25	19173.6
1067	19232.2
1066.75	19316.2
1066.5	19366.8
1066.25	19254.7
1066	19141.9
1065.75	19150.9
1065.5	19240.2
1065.25	19252.1
1065	19078.7
1064.75	19051.3
1064.5	19172
1064.25	19129.1
1064	19049.8
1063.75	18983.1
1063.5	18931.9
1063.25	19045.1
1063	19099.2
1062.75	19059.3
1062.5	19066.4
1062.25	18976
1062	18830.1
1061.75	18827.3
1061.5	18979.1
1061.25	19075.2
1061	18957.7
1060.75	18796.4
1060.5	18711.6
1060.25	18677.3
1060	18750.9
1059.75	18807.8
1059.5	18765.2
1059.25	18671
1059	18551.4
1058.75	18548.6
1058.5	18622.9
1058.25	18709.9
1058	18689.7
1057.75	18602.2
1057.5	18720.5
1057.25	18803.8
1057	18640.9
1056.75	18532.8
1056.5	18631
1056.25	18620.6
1056	18469.9
1055.75	18349.8
1055.5	18257.8
1055.25	18297.9
1055	18400.1
1054.75	18446.7
1054.5	18416.6
1054.25	18409.4
1054	18381.7
1053.75	18170.3
1053.5	18108
1053.25	18277.8
1053	18331.2
1052.75	18285
1052.5	18273
1052.25	18288
1052	18374
1051.75	18363.4
1051.5	18205.4
1051.25	18203.3
1051	18228.7
1050.75	18145.5
1050.5	18093
1050.25	18053.2
1050	18072.6
1049.75	18206.2
1049.5	18281.1
1049.25	18160.2
1049	18043.4
1048.75	18067.1
1048.5	18132.6
1048.25	18182.9
1048	18160
1047.75	18147
1047.5	18185.2
1047.25	18157.7
1047	18072.1
1046.75	18017.3
1046.5	18028.7
1046.25	18016.8
1046	17999.9
1045.75	17964.3
1045.5	17964
1045.25	17932.5
1045	17781.4
1044.75	17661.5
1044.5	17693.7
1044.25	17883.8
1044	17999.6
1043.75	17948.9
1043.5	17947
1043.25	17887.1
1043	17681.2
1042.75	17700.1
1042.5	17888.9
1042.25	17902.5
1042	17825.1
1041.75	17758
1041.5	17638.6
1041.25	17578.3
1041	17666.1
1040.75	17760.2
1040.5	17783.3
1040.25	17759.4
1040	17768.7
1039.75	17757.3
1039.5	17671.1
1039.25	17709.3
1039	17814.2
1038.75	17773.3
1038.5	17655.4
1038.25	17606.6
1038	17630
1037.75	17576.7
1037.5	17574.7
1037.25	17637.1
1037	17550.5
1036.75	17449.9
1036.5	17353.6
1036.25	17290.2
1036	17404.9
1035.75	17487.4
1035.5	17453.9
1035.25	17471.4
1035	17533.1
1034.75	17598.5
1034.5	17560.8
1034.25	17398.2
1034	17313.6
1033.75	17341.7
1033.5	17351
1033.25	17291.9
1033	17312.5
1032.75	17365.7
1032.5	17304.6
1032.25	17326.1
1032	17436.8
1031.75	17353.8
1031.5	17203.5
1031.25	17305.7
1031	17392.5
1030.75	17279.9
1030.5	17237.2
1030.25	17191.6
1030	17120.9
1029.75	17160.3
1029.5	17197.5
1029.25	17174.4
1029	17164.4
1028.75	17243.3
1028.5	17352.2
1028.25	17342.9
1028	17216.7
1027.75	17216.5
1027.5	17271.5
1027.25	17142.3
1027	17055.5
1026.75	17110.8
1026.5	17104.6
1026.25	17041.1
1026	17074.3
1025.75	17195.5
1025.5	17311.1
1025.25	17287.9
1025	17186.7
1024.75	17273.9
1024.5	17373.4
1024.25	17328.9
1024	17358.9
1023.75	17421.2
1023.5	17373.3
1023.25	17283.5
1023	17190
1022.75	17155.8
1022.5	17167.4
1022.25	17145.9
1022	17136.6
1021.75	17040.3
1021.5	16996.5
1021.25	17030.3
1021	16939.5
1020.75	16888.9
1020.5	16860.7
1020.25	16813.8
1020	16821.1
1019.75	16798.4
1019.5	16695.3
1019.25	16669.8
1019	16812.7
1018.75	16940.7
1018.5	16930.1
1018.25	16818.9
1018	16728.4
1017.75	16774.3
1017.5	16841.5
1017.25	16768
1017	16779.8
1016.75	16981.2
1016.5	16991.6
1016.25	16763
1016	16638.8
1015.75	16641.2
1015.5	16719
1015.25	16822.9
1015	16807
1014.75	16732.7
1014.5	16748.7
1014.25	16761.2
1014	16634.4
1013.75	16618.1
1013.5	16763.7
1013.25	16870
1013	16868.2
1012.75	16841
1012.5	16936.7
1012.25	17008.7
1012	16964.3
1011.75	16908.5
1011.5	16930.4
1011.25	16999.9
1011	17071.1
1010.75	17102.6
1010.5	17062.7
1010.25	17027.4
1010	16980.1
1009.75	16966
1009.5	17053.8
1009.25	17174.8
1009	17278.6
1008.75	17346.7
1008.5	17383.9
1008.25	17361
1008	17230.3
1007.75	17115.2
1007.5	17145.4
1007.25	17238.2
1007	17259.2
1006.75	17215
1006.5	17269
1006.25	17387.7
1006	17286
1005.75	17070.5
1005.5	17029.5
1005.25	17040.4
1005	16991.7
1004.75	16993.4
1004.5	16994.7
1004.25	16943.2
1004	16908.4
1003.75	16900.1
1003.5	16922.8
1003.25	16890.6
1003	16852.3
1002.75	16877.7
1002.5	16805.1
1002.25	16741.9
1002	16757.8
1001.75	16709.4
1001.5	16639.4
1001.25	16535.5
1001	16462.7
1000.75	16479.6
1000.5	16447.4
1000.25	16387.8
1000	16339.4
999.75	16338.3
999.5	16379.1
999.25	16314.4
999	16259.5
998.75	16312.3
998.5	16362.8
998.25	16350.7
998	16331.6
997.75	16361.1
997.5	16331.8
997.25	16214.2
997	16133.8
996.75	16169.6
996.5	16235.7
996.25	16253.6
996	16185.6
995.75	16115.4
995.5	16131.1
995.25	16234.1
995	16388
994.75	16432.6
994.5	16297.9
994.25	16149.3
994	16173.1
993.75	16279
993.5	16276.9
993.25	16202.5
993	16299.4
992.75	16333.1
992.5	16195.5
992.25	16194.7
992	16205.9
991.75	16252.3
991.5	16320.4
991.25	16272.4
991	16325.2
990.75	16464.1
990.5	16526.5
990.25	16490.4
990	16393
989.75	16335.7
989.5	16381.9
989.25	16441.2
989	16359.6
988.75	16290.6
988.5	16224.9
988.25	16071.8
988	16016
987.75	16005.2
987.5	15967.7
987.25	15997.4
987	16059.8
986.75	16033.1
986.5	15922.4
986.25	15872.7
986	15895.1
985.75	15848
985.5	15724.2
985.25	15669.6
985	15652.8
984.75	15560.9
984.5	15506.1
984.25	15496.7
984	15443.5
983.75	15376.7
983.5	15326.1
983.25	15275.3
983	15237.6
982.75	15139.6
982.5	14874.4
982.25	14756.6
982	14900.3
981.75	14868
981.5	14666.5
981.25	14546.8
981	14479.7
980.75	14424.7
980.5	14488.4
980.25	14555.6
980	14462.4
979.75	14359.2
979.5	14206.8
979.25	14083.2
979	14141.4
978.75	14112
978.5	13931.8
978.25	13879.4
978	13884.8
977.75	13818.7
977.5	13809.1
977.25	13796.7
977	13729.7
976.75	13707.1
976.5	13683.7
976.25	13662.2
976	13679.3
975.75	13655.9
975.5	13630.6
975.25	13666.1
975	13749.7
974.75	13777.5
974.5	13662.5
974.25	13570
974	13594.2
973.75	13647.3
973.5	13625.4
973.25	13534
973	13628.2
972.75	13792.1
972.5	13801.3
972.25	13869.1
972	13939.1
971.75	13847.1
971.5	13763.1
971.25	13812.2
971	13910.4
970.75	14034.8
970.5	14149.1
970.25	14112.3
970	14087.1
969.75	14169.2
969.5	14182.5
969.25	14246.1
969	14362.9
968.75	14387
968.5	14451.6
968.25	14617.4
968	14741.2
967.75	14818.4
967.5	14952.4
967.25	15023.3
967	15001
966.75	14975.5
966.5	14941.4
966.25	14924.8
966	14896
965.75	14914.2
965.5	14998.2
965.25	14981.8
965	14918.7
964.75	14980.8
964.5	15106.6
964.25	15184.3
964	15175.8
963.75	15041.6
963.5	14851
963.25	14741.5
963	14678.1
962.75	14573.1
962.5	14491.9
962.25	14398.5
962	14252.8
961.75	14109.9
961.5	13971.9
961.25	13881.2
961	13824
960.75	13739.5
960.5	13602.3
960.25	13500.3
960	13365.4
959.75	13158.5
959.5	13148.3
959.25	13179.9
959	13091.1
958.75	12997.3
958.5	12818.2
958.25	12640.9
958	12551.6
957.75	12451.8
957.5	12420.4
957.25	12465.5
957	12415.8
956.75	12303.2
956.5	12189.5
956.25	12064.8
956	11964.8
955.75	11877.9
955.5	11909.8
955.25	11999.2
955	11962.9
954.75	11902.3
954.5	11819.2
954.25	11707.4
954	11732.6
953.75	11803.1
953.5	11811.8
953.25	11780.4
953	11714.8
952.75	11789.5
952.5	11899.7
952.25	11822.2
952	11708.9
951.75	11726.2
951.5	11838.8
951.25	11894.9
951	11862.5
950.75	11754.4
950.5	11677.7
950.25	11750.3
950	11782.4
949.75	11792.6
949.5	11834.8
949.25	11779.6
949	11716.6
948.75	11694.7
948.5	11742.2
948.25	11776.6
948	11653.3
947.75	11589.4
947.5	11730
947.25	11911.8
947	12007.4
946.75	11954.3
946.5	11895.1
946.25	11906.9
946	11874.3
945.75	11917.2
945.5	11965.9
945.25	11901
945	11853.4
944.75	11799.5
944.5	11775.6
944.25	11853.3
944	11901.4
943.75	11910.8
943.5	11985.8
943.25	12048.3
943	12020.4
942.75	12023.3
942.5	12019.8
942.25	11967.8
942	11992.6
941.75	12014.7
941.5	11921.9
941.25	11802.3
941	11821.8
940.75	11935.7
940.5	11960.7
940.25	11877.6
940	11803.4
939.75	11817.3
939.5	11816.4
939.25	11800.4
939	11825.4
938.75	11779.1
938.5	11703.7
938.25	11666.8
938	11718.1
937.75	11807.2
937.5	11778.5
937.25	11728.5
937	11796.6
936.75	11873.2
936.5	11810.3
936.25	11722.9
936	11746.7
935.75	11786.6
935.5	11748.5
935.25	11716.9
935	11766.5
934.75	11794.8
934.5	11772.2
934.25	11744.1
934	11736.1
933.75	11779.3
933.5	11749.7
933.25	11623
933	11572.3
932.75	11618.6
932.5	11588.8
932.25	11533.3
932	11540.3
931.75	11500.7
931.5	11461.1
931.25	11442.2
931	11414.4
930.75	11450.7
930.5	11551.3
930.25	11594.3
930	11572.9
929.75	11583
929.5	11597.2
929.25	11535.3
929	11453.9
928.75	11417.5
928.5	11361
928.25	11384.9
928	11425.8
927.75	11376
927.5	11329.4
927.25	11298.4
927	11370.7
926.75	11465.3
926.5	11467.7
926.25	11448
926	11417.4
925.75	11363.8
925.5	11278.1
925.25	11262.9
925	11291.7
924.75	11243.4
924.5	11312.4
924.25	11401.5
924	11340
923.75	11295.9
923.5	11295.1
923.25	11292.5
923	11316.5
922.75	11333.3
922.5	11224.4
922.25	11192.5
922	11341.3
921.75	11357.6
921.5	11230.7
921.25	11197.9
921	11278.9
920.75	11331.7
920.5	11256.4
920.25	11185.3
920	11269.2
919.75	11366.1
919.5	11360.7
919.25	11323.2
919	11297.7
918.75	11284.6
918.5	11276.1
918.25	11254.1
918	11222.3
917.75	11195.7
917.5	11180.1
917.25	11201.4
917	11231.3
916.75	11256.2
916.5	11332.7
916.25	11387.6
916	11341.6
915.75	11290.9
915.5	11272.7
915.25	11177.4
915	11112.5
914.75	11128.1
914.5	11110
914.25	11096.7
914	11056.5
913.75	11092.9
913.5	11253.6
913.25	11317
913	11283.3
912.75	11251.5
912.5	11232.5
912.25	11164.7
912	11055.7
911.75	11091.3
911.5	11217.7
911.25	11258
911	11236.3
910.75	11205.7
910.5	11174.4
910.25	11148.7
910	11154.8
909.75	11161.4
909.5	11138.8
909.25	11115
909	11101.2
908.75	11058
908.5	11042.5
908.25	11152.8
908	11138.3
907.75	11015.2
907.5	11064.5
907.25	11116.5
907	11105.2
906.75	11091.9
906.5	11053.8
906.25	11088.2
906	11145.7
905.75	11112.2
905.5	11106.5
905.25	11186.6
905	11205.5
904.75	11130.8
904.5	11029.1
904.25	10997.5
904	11054.2
903.75	11056.7
903.5	10999.7
903.25	10955.3
903	10952.2
902.75	11004.9
902.5	11071.2
902.25	11117.1
902	11104.3
901.75	11082.9
901.5	11154.2
901.25	11210.8
901	11122.1
900.75	11004.2
900.5	11013.5
900.25	11122.2
900	11180.4
899.75	11115.5
899.5	11092.3
899.25	11150.8
899	11114.8
898.75	11064.2
898.5	11081.9
898.25	11053.3
898	10935.1
897.75	10844.6
897.5	10861.2
897.25	10934.2
897	11039.1
896.75	11069.2
896.5	11044.8
896.25	11051.9
896	11033.5
895.75	11023.3
895.5	11031.2
895.25	11013.5
895	10995.6
894.75	10990.3
894.5	10959.3
894.25	10933.2
894	10968.7
893.75	11025.4
893.5	11014.1
893.25	10964
893	11011.2
892.75	11101.7
892.5	11103.2
892.25	11071.7
892	11085.3
891.75	11076
891.5	10985
891.25	10900.4
891	10898
890.75	10976
890.5	11012.8
890.25	10935.3
890	10863.3
889.75	10861.9
889.5	10918.1
889.25	10969.3
889	10974.5
888.75	10903.1
888.5	10837.6
888.25	10936.3
888	11062.4
887.75	11038.4
887.5	10963.3
887.25	10977.2
887	10955
886.75	10865.4
886.5	10928.1
886.25	11036.5
886	11008.8
885.75	10926.3
885.5	10904.1
885.25	10934.4
885	10879.8
884.75	10799.4
884.5	10842.2
884.25	10885.7
884	10825
883.75	10768.5
883.5	10742.9
883.25	10747
883	10804.4
882.75	10840.7
882.5	10853
882.25	10886.6
882	10859.4
881.75	10830.8
881.5	10895
881.25	10880.9
881	10802.6
880.75	10742.7
880.5	10705.6
880.25	10792.7
880	10885.3
879.75	10874.8
879.5	10879.5
879.25	10872.3
879	10830.9
878.75	10845
878.5	10890.3
878.25	10886.3
878	10817.5
877.75	10784.6
877.5	10848.1
877.25	10917
877	10848.8
876.75	10725.2
876.5	10771.7
876.25	10918.6
876	10964.4
875.75	10897.1
875.5	10828.1
875.25	10821
875	10840.1
874.75	10823.6
874.5	10748.2
874.25	10696.1
874	10742.1
873.75	10798
873.5	10791.5
873.25	10774.8
873	10759
872.75	10788.1
872.5	10861.6
872.25	10842.2
872	10779.9
871.75	10775
871.5	10738.2
871.25	10698.5
871	10729.6
870.75	10809.9
870.5	10857.8
870.25	10755.7
870	10693.9
869.75	10766.2
869.5	10808.6
869.25	10821.4
869	10765.5
868.75	10724.8
868.5	10790.6
868.25	10729.3
868	10607.4
867.75	10661.4
867.5	10702
867.25	10669.1
867	10708.5
866.75	10743.9
866.5	10687.3
866.25	10590.4
866	10560.7
865.75	10558.1
865.5	10590.6
865.25	10726.5
865	10783.2
864.75	10741.6
864.5	10721.9
864.25	10699.8
864	10684.3
863.75	10623.6
863.5	10557.9
863.25	10615.8
863	10628.7
862.75	10529.6
862.5	10530.7
862.25	10556.5
862	10526
861.75	10591.7
861.5	10644
861.25	10579.9
861	10515.8
860.75	10579.8
860.5	10704.7
860.25	10646.3
860	10596.9
859.75	10699.5
859.5	10679.3
859.25	10559.8
859	10519.7
858.75	10518.9
858.5	10461.8
858.25	10470.3
858	10588.4
857.75	10585.7
857.5	10467.9
857.25	10453.2
857	10517
856.75	10546.7
856.5	10627
856.25	10707
856	10670.5
855.75	10628.9
855.5	10622.6
855.25	10547.3
855	10486.9
854.75	10531
854.5	10547.2
854.25	10537.8
854	10527
853.75	10539.8
853.5	10525.4
853.25	10436.5
853	10492.4
852.75	10599
852.5	10587.3
852.25	10527.8
852	10508.2
851.75	10520.4
851.5	10477.8
851.25	10432.9
851	10437.7
850.75	10527.7
850.5	10630.4
850.25	10617.2
850	10586.4
849.75	10607.4
849.5	10546.3
849.25	10455.8
849	10445.2
848.75	10432.3
848.5	10384.9
848.25	10404.6
848	10499.5
847.75	10513.2
847.5	10483.2
847.25	10519.9
847	10575.5
846.75	10586
846.5	10535.8
846.25	10475.7
846	10404.1
845.75	10344.2
845.5	10409.7
845.25	10496.8
845	10469.4
844.75	10387.2
844.5	10336.5
844.25	10348
844	10383
843.75	10374.8
843.5	10357.6
843.25	10423.5
843	10474
842.75	10427.8
842.5	10409.6
842.25	10429.7
842	10340.7
841.75	10303.1
841.5	10489.9
841.25	10603.3
841	10541.9
840.75	10479.2
840.5	10446.7
840.25	10439.6
840	10462.5
839.75	10462.5
839.5	10421.8
839.25	10457.9
839	10525
838.75	10524.7
838.5	10460.1
838.25	10393.3
838	10390.1
837.75	10425.9
837.5	10465.3
837.25	10447.4
837	10453.3
836.75	10452.7
836.5	10404
836.25	10450.4
836	10497.2
835.75	10509.5
835.5	10517
835.25	10398.2
835	10266.3
834.75	10226.1
834.5	10230
834.25	10265.5
834	10314.2
833.75	10384.7
833.5	10443.3
833.25	10430.2
833	10345.2
832.75	10352
832.5	10449.6
832.25	10447.7
832	10416.3
831.75	10397
831.5	10334.9
831.25	10353.3
831	10439.1
830.75	10441.4
830.5	10434.4
830.25	10410.1
830	10316.9
829.75	10263.1
829.5	10236.5
829.25	10253.5
829	10287.1
828.75	10307.2
828.5	10396.3
828.25	10462.6
828	10422.2
827.75	10327.5
827.5	10269.1
827.25	10287.5
827	10347.9
826.75	10438.1
826.5	10462.7
826.25	10398.9
826	10445.6
825.75	10543.5
825.5	10499.5
825.25	10380
825	10274.5
824.75	10286.8
824.5	10342.3
824.25	10337.9
824	10311.4
823.75	10237.6
823.5	10213.7
823.25	10278
823	10314.6
822.75	10253.9
822.5	10233.9
822.25	10289.1
822	10309.3
821.75	10339.3
821.5	10327.5
821.25	10306.6
821	10350.1
820.75	10398.5
820.5	10428.8
820.25	10404.8
820	10362.9
819.75	10314.6
819.5	10308.7
819.25	10335.6
819	10288.2
818.75	10242.2
818.5	10272.8
818.25	10376.5
818	10389.9
817.75	10301.7
817.5	10309.5
817.25	10361
817	10341.8
816.75	10323.5
816.5	10320.6
816.25	10268.2
816	10278.4
815.75	10347.2
815.5	10392.7
815.25	10379.7
815	10306.4
814.75	10314.2
814.5	10330.1
814.25	10295.8
814	10315.9
813.75	10312.8
813.5	10289
813.25	10360.2
813	10435.3
812.75	10457.7
812.5	10383.5
812.25	10242.8
812	10246.4
811.75	10286.6
811.5	10214.4
811.25	10172.1
811	10224
810.75	10283.4
810.5	10298
810.25	10296.9
810	10315.6
809.75	10324
809.5	10329.9
809.25	10349.2
809	10361
808.75	10321.6
808.5	10294
808.25	10305.9
808	10312.9
807.75	10374.2
807.5	10327.7
807.25	10216.7
807	10269.1
806.75	10329.6
806.5	10350.8
806.25	10379.6
806	10369.3
805.75	10397.7
805.5	10429
805.25	10356.7
805	10308
804.75	10325.2
804.5	10292.3
804.25	10239.6
804	10244.2
803.75	10278.3
803.5	10272.9
803.25	10266
803	10272.3
802.75	10298
802.5	10275.6
802.25	10205
802	10221
801.75	10275.4
801.5	10317.2
801.25	10328.6
801	10270.3
800.75	10204.8
800.5	10213
800.25	10221.2
800	10231.2
799.75	10293.4
799.5	10299.4
799.25	10261.8
799	10237.9
798.75	10239.3
798.5	10268.6
798.25	10234.5
798	10177.1
797.75	10214
797.5	10290.2
797.25	10317.6
797	10327.6
796.75	10359.2
796.5	10341.1
796.25	10252.7
796	10250.1
795.75	10309
795.5	10298.9
795.25	10263.4
795	10281
794.75	10389.9
794.5	10459
794.25	10384
794	10276.2
793.75	10251.6
793.5	10304.4
793.25	10332.7
793	10278.9
792.75	10307.3
792.5	10381.9
792.25	10335.1
792	10338.8
791.75	10343.7
791.5	10302.5
791.25	10386.4
791	10436.9
790.75	10347.8
790.5	10268.1
790.25	10279.3
790	10309.5
789.75	10244.2
789.5	10215.2
789.25	10294.4
789	10308
788.75	10292.6
788.5	10332.1
788.25	10351.3
788	10334.5
787.75	10340.8
787.5	10393.9
787.25	10462
787	10496.9
786.75	10448.5
786.5	10362.5
786.25	10376
786	10446
785.75	10454.7
785.5	10452.3
785.25	10490.7
785	10504.5
784.75	10514.1
784.5	10516.7
784.25	10497.8
784	10484.9
783.75	10421.2
783.5	10431
783.25	10447.3
783	10388.5
782.75	10404.2
782.5	10424.5
782.25	10413
782	10393.8
781.75	10355.1
781.5	10314.4
781.25	10324.2
781	10347.4
780.75	10282.3
780.5	10178.4
780.25	10109.3
780	10124.5
779.75	10241.6
779.5	10339.8
779.25	10307.8
779	10207.5
778.75	10156.5
778.5	10215.8
778.25	10288.7
778	10233.4
777.75	10080.5
777.5	10007.2
777.25	10099.2
777	10167.9
776.75	10145.4
776.5	10152.1
776.25	10151.6
776	10126.4
775.75	10173.6
775.5	10273.2
775.25	10296.4
775	10274
774.75	10329.8
774.5	10382.4
774.25	10365.2
774	10329.3
773.75	10288.6
773.5	10313.5
773.25	10361.2
773	10370.6
772.75	10389
772.5	10414.8
772.25	10436.5
772	10431.3
771.75	10461.2
771.5	10543.2
771.25	10575
771	10620
770.75	10737.8
770.5	10801
770.25	10857.7
770	10883.6
769.75	10816.9
769.5	10824.2
769.25	10823.1
769	10818.3
768.75	10839.2
768.5	10765.2
768.25	10700.9
768	10674
767.75	10657.1
767.5	10665.2
767.25	10710.9
767	10745.5
766.75	10724.3
766.5	10697.6
766.25	10613.5
766	10556.9
765.75	10513.5
765.5	10429.6
765.25	10461.6
765	10484.2
764.75	10387.7
764.5	10340.9
764.25	10351.9
764	10222.6
763.75	10140.6
763.5	10207.4
763.25	10179.9
763	10151.3
762.75	10132.2
762.5	10004.8
762.25	9894.24
762	9875.37
761.75	9868.18
761.5	9851.91
761.25	9861.75
761	9795.93
760.75	9674.73
760.5	9645.43
760.25	9657.03
760	9655.41
759.75	9631.42
759.5	9570.29
759.25	9491.96
759	9476.48
758.75	9511.3
758.5	9491.52
758.25	9494.85
758	9485.1
757.75	9401.37
757.5	9351
757.25	9324.35
757	9300.36
756.75	9282.31
756.5	9286.33
756.25	9291.15
756	9269.18
755.75	9228.65
755.5	9186.37
755.25	9215.7
755	9238.68
754.75	9224.03
754.5	9303.56
754.25	9374.2
754	9404.4
753.75	9462.01
753.5	9443.94
753.25	9460.89
753	9591.09
752.75	9709.75
752.5	9754.71
752.25	9708.31
752	9707.78
751.75	9782.69
751.5	9833.62
751.25	9938.02
751	10113.9
750.75	10274.8
750.5	10374.6
750.25	10461.2
750	10618.1
749.75	10762
749.5	10864.8
749.25	11063.5
749	11251.2
748.75	11334.5
748.5	11448.9
748.25	11611.9
748	11788.9
747.75	11966.3
747.5	12143.4
747.25	12263.7
747	12229.6
746.75	12199
746.5	12163.2
746.25	12058.6
746	12104.7
745.75	12122.7
745.5	11925.8
745.25	11757.6
745	11692.3
744.75	11510
744.5	11228.6
744.25	11030.2
744	10854.6
743.75	10735.3
743.5	10645.9
743.25	10433.4
743	10240.6
742.75	10162
742.5	10076.6
742.25	9973.55
742	9881.46
741.75	9775.05
741.5	9702.67
741.25	9669.48
741	9614.64
740.75	9494.76
740.5	9339.44
740.25	9237.69
740	9148.62
739.75	9008.49
739.5	8888.85
739.25	8826.23
739	8744.12
738.75	8637.53
738.5	8551.48
738.25	8438.3
738	8253.74
737.75	8109.32
737.5	8064.07
737.25	7985.12
737	7876.51
736.75	7785.45
736.5	7685.49
736.25	7642.38
736	7629.57
735.75	7526.23
735.5	7390.54
735.25	7381.83
735	7423.51
734.75	7375
734.5	7281.63
734.25	7178.87
734	7125.85
733.75	7118.82
733.5	7081.28
733.25	7086.16
733	7103.92
732.75	7011.38
732.5	6881.85
732.25	6833.05
732	6805.83
731.75	6769.14
731.5	6738.75
731.25	6727.72
731	6757.3
730.75	6714.54
730.5	6645.81
730.25	6645
730	6675.9
729.75	6719.1
729.5	6673.72
729.25	6593.46
729	6609.31
728.75	6615.77
728.5	6588.15
728.25	6609.57
728	6582.14
727.75	6569.63
727.5	6670.62
727.25	6702.9
727	6636.66
726.75	6571.04
726.5	6579.9
726.25	6603.59
726	6535.95
725.75	6528.66
725.5	6587.57
725.25	6594.75
725	6652.45
724.75	6654.15
724.5	6524.95
724.25	6444.74
724	6409.52
723.75	6428.22
723.5	6472.24
723.25	6456.78
723	6484.8
722.75	6552.58
722.5	6546.66
722.25	6581.62
722	6623.97
721.75	6524.97
721.5	6459.8
721.25	6541.07
721	6645.36
720.75	6635.71
720.5	6531.34
720.25	6475.04
720	6498.4
719.75	6550.05
719.5	6653.42
719.25	6729.35
719	6696.34
718.75	6648.75
718.5	6598.74
718.25	6538.86
718	6540.52
717.75	6573.53
717.5	6599.23
717.25	6586.79
717	6495.19
716.75	6468.18
716.5	6533.06
716.25	6570.86
716	6571.43
715.75	6562.11
715.5	6549.15
715.25	6533.34
715	6554.56
714.75	6549.88
714.5	6496.03
714.25	6469.33
714	6458.06
713.75	6421.16
713.5	6430.06
713.25	6483.92
713	6477.8
712.75	6494.15
712.5	6529.11
712.25	6505.34
712	6493.25
711.75	6491.85
711.5	6471.61
711.25	6498.68
711	6532.95
710.75	6501.75
710.5	6464.2
710.25	6446.92
710	6463.93
709.75	6480.8
709.5	6452.85
709.25	6419.36
709	6411.39
708.75	6403.96
708.5	6385.95
708.25	6426.64
708	6491.54
707.75	6488.43
707.5	6429.04
707.25	6439.03
707	6496.02
706.75	6449
706.5	6412.46
706.25	6420.48
706	6404.85
705.75	6414.56
705.5	6437.63
705.25	6473.68
705	6483.79
704.75	6469.6
704.5	6461.92
704.25	6426.86
704	6422.26
703.75	6443.86
703.5	6421.05
703.25	6374.74
703	6344.35
702.75	6335.6
702.5	6316.8
702.25	6312.12
702	6306.14
701.75	6255.34
701.5	6247.63
701.25	6260.39
701	6233.87
700.75	6214.46
700.5	6187.8
700.25	6136.8
700	6178.53
699.75	6216.48
699.5	6157.51
699.25	6185.22
699	6230
698.75	6210.93
698.5	6140.38
698.25	6071.98
698	6089.55
697.75	6117.56
697.5	6133.42
697.25	6146.44
697	6138.28
696.75	6143.28
696.5	6194.94
696.25	6219.22
696	6204.36
695.75	6237.2
695.5	6200.9
695.25	6111.9
695	6091.09
694.75	6073.2
694.5	6108.64
694.25	6163.46
694	6159.25
693.75	6110.44
693.5	6106.78
693.25	6194.98
693	6220.52
692.75	6169.7
692.5	6097.93
692.25	6037.47
692	6017.39
691.75	6000.34
691.5	6014.49
691.25	6089.7
691	6187.92
690.75	6199.26
690.5	6100.79
690.25	6068.47
690	6100.8
689.75	6083.99
689.5	6063.3
689.25	6063.84
689	6096.76
688.75	6154.3
688.5	6168.55
688.25	6126.64
688	6076.24
687.75	6081.82
687.5	6114.68
687.25	6097.64
687	6095.19
686.75	6152.87
686.5	6176.23
686.25	6153.72
686	6144.7
685.75	6115.59
685.5	6132.55
685.25	6213.28
685	6183.81
684.75	6116.29
684.5	6131.96
684.25	6158.81
684	6129.39
683.75	6062.55
683.5	6054.04
683.25	6061.23
683	6037.82
682.75	6036.5
682.5	6051.3
682.25	6058.79
682	6067.15
681.75	6061.3
681.5	6072.13
681.25	6113.85
681	6132.93
680.75	6168.01
680.5	6146.2
680.25	6072.72
680	6014.21
679.75	6007.44
679.5	6113.6
679.25	6179.17
679	6155.92
678.75	6114.39
678.5	6092.07
678.25	6073.88
678	6039.87
677.75	6052.63
677.5	6079.98
677.25	6034.69
677	5952.04
676.75	5931.47
676.5	5964.98
676.25	6004.6
676	6036.6
675.75	6002.02
675.5	5965.07
675.25	5983.35
675	6001.05
674.75	6062.17
674.5	6106.84
674.25	6109.36
674	6092.95
673.75	6035.64
673.5	6007.4
673.25	5963.02
673	5944.42
672.75	6021.57
672.5	6073.7
672.25	6054.32
672	5994.18
671.75	5962.09
671.5	5960.29
671.25	5959.28
671	5930.48
670.75	5911.08
670.5	5968.45
670.25	5994.79
670	6011.12
669.75	6086.41
669.5	6139.62
669.25	6117
669	6051.54
668.75	5977.48
668.5	5912.38
668.25	5913.02
668	5955.24
667.75	5978.84
667.5	5975.39
667.25	5978.72
667	6033.58
666.75	6041.22
666.5	5982.22
666.25	5956.77
666	5911.12
665.75	5885.97
665.5	5977.35
665.25	6013.9
665	5946.98
664.75	5939.32
664.5	5958.6
664.25	5932.5
664	5894.47
663.75	5918.88
663.5	5922.07
663.25	5876.92
663	5943.37
662.75	6042.27
662.5	6071.4
662.25	6060.93
662	5976.94
661.75	5861.41
661.5	5903.31
661.25	5995.71
661	5974.56
660.75	5969.51
660.5	5941.81
660.25	5911.69
660	5946.13
659.75	5918.87
659.5	5859.94
659.25	5847.2
659	5890.6
658.75	5935.29
658.5	5914.35
658.25	5911.79
658	5982.38
657.75	5994.39
657.5	5912
657.25	5899.5
657	5951.98
656.75	5949.32
656.5	5886.91
656.25	5820.45
656	5840.28
655.75	5943.24
655.5	5951.32
655.25	5852.29
655	5841.85
654.75	5862.27
654.5	5798.35
654.25	5772.44
654	5804.91
653.75	5815.95
653.5	5840.99
653.25	5856.49
653	5832.07
652.75	5862.42
652.5	5911.19
652.25	5863.15
652	5800.31
651.75	5817.49
651.5	5843.92
651.25	5845.58
651	5881.36
650.75	5885
650.5	5839.24
650.25	5840.04
650	5803.48
649.75	5743.45
649.5	5747.7
649.25	5764.7
649	5808
648.75	5837.76
648.5	5821.34
648.25	5869.64
648	5926.8
647.75	5874.14
647.5	5786.78
647.25	5755.96
647	5799.78
646.75	5873.63
646.5	5871.82
646.25	5769.12
646	5719.49
645.75	5721.25
645.5	5685.73
645.25	5694.3
645	5744.23
644.75	5776.05
644.5	5733.93
644.25	5682.35
644	5680.53
643.75	5723.13
643.5	5809.94
643.25	5796.73
643	5739.76
642.75	5727.15
642.5	5682.98
642.25	5676.5
642	5721.2
641.75	5712.21
641.5	5707.69
641.25	5731.23
641	5728.78
640.75	5712.83
640.5	5682.21
640.25	5693.96
640	5690.27
639.75	5617.77
639.5	5648.79
639.25	5708.97
639	5626.67
638.75	5584.24
638.5	5639.81
638.25	5642.34
638	5644
637.75	5672.82
637.5	5681.37
637.25	5711.84
637	5708.34
636.75	5697.98
636.5	5714.47
636.25	5683.29
636	5679.04
635.75	5673.77
635.5	5628.26
635.25	5600.2
635	5594.49
634.75	5649.16
634.5	5673.71
634.25	5609.25
634	5595.07
633.75	5653.84
633.5	5653.81
633.25	5618.2
633	5640.04
632.75	5641.08
632.5	5587.58
632.25	5587.07
632	5656.21
631.75	5686.05
631.5	5666.29
631.25	5656.16
631	5675.9
630.75	5699.94
630.5	5646.55
630.25	5584.85
630	5629.84
629.75	5675.93
629.5	5642.05
629.25	5593.87
629	5591.66
628.75	5618.72
628.5	5586.38
628.25	5553.21
628	5602.26
627.75	5601.92
627.5	5591.63
627.25	5631.96
627	5602.95
626.75	5564.05
626.5	5600.17
626.25	5664.02
626	5693.53
625.75	5679.57
625.5	5623.25
625.25	5620.09
625	5726.19
624.75	5729.8
624.5	5600.95
624.25	5572.55
624	5657.47
623.75	5693.27
623.5	5640.55
623.25	5618.84
623	5679.47
622.75	5690.6
622.5	5629.63
622.25	5600.12
622	5573.97
621.75	5512.44
621.5	5461.34
621.25	5435.5
621	5502.67
620.75	5597.82
620.5	5606.02
620.25	5621.77
620	5582.7
619.75	5559.31
619.5	5678.95
619.25	5701.68
619	5573.05
618.75	5486.8
618.5	5501.55
618.25	5516.91
618	5506.15
617.75	5495.12
617.5	5511.02
617.25	5588.96
617	5599.21
616.75	5528.42
616.5	5560.93
616.25	5622.43
616	5584.79
615.75	5566.93
615.5	5602.72
615.25	5617.09
615	5567.5
614.75	5498.93
614.5	5462.33
614.25	5441.11
614	5499.4
613.75	5551.2
613.5	5520.86
613.25	5551.24
613	5589.35
612.75	5576.08
612.5	5576.7
612.25	5599.7
612	5595.41
611.75	5518.87
611.5	5491.8
611.25	5555.67
611	5548.25
610.75	5512.84
610.5	5513.47
610.25	5479.19
610	5514.98
609.75	5573.69
609.5	5551.52
609.25	5545.5
609	5550.23
608.75	5561.74
608.5	5605.74
608.25	5646.79
608	5663.88
607.75	5588.8
607.5	5443.72
607.25	5394.85
607	5457.81
606.75	5491.86
606.5	5509.25
606.25	5535.37
606	5535.06
605.75	5581.42
605.5	5616.52
605.25	5562.96
605	5494.16
604.75	5510.18
604.5	5534.23
604.25	5471.99
604	5472.25
603.75	5513.18
603.5	5498.52
603.25	5481.06
603	5452.82
602.75	5430.52
602.5	5470.99
602.25	5520.61
602	5533.92
601.75	5529.2
601.5	5516.79
601.25	5518.64
601	5520.62
600.75	5484.34
600.5	5432.63
600.25	5438.26
600	5460.99
599.75	5433.4
599.5	5432.11
599.25	5463.39
599	5464.67
598.75	5435.2
598.5	5420.68
598.25	5485.18
598	5502.18
597.75	5452.26
597.5	5445.23
597.25	5424.3
597	5437.97
596.75	5472.7
596.5	5454.92
596.25	5446.48
596	5444.61
595.75	5421.2
595.5	5388.24
595.25	5393.53
595	5408.68
594.75	5379.24
594.5	5340.53
594.25	5316.84
594	5366.45
593.75	5437.79
593.5	5400.51
593.25	5299.35
593	5280.44
592.75	5364.45
592.5	5399.36
592.25	5329.38
592	5269.02
591.75	5289.9
591.5	5339.74
591.25	5322.89
591	5270.54
590.75	5263.27
590.5	5284.96
590.25	5326.39
590	5355.7
589.75	5367.39
589.5	5375.25
589.25	5330.67
589	5276.15
588.75	5242.44
588.5	5220.92
588.25	5262.5
588	5299.25
587.75	5249.53
587.5	5188.83
587.25	5241.8
587	5339.18
586.75	5332.71
586.5	5299.46
586.25	5340.54
586	5367.98
585.75	5308.55
585.5	5245.05
585.25	5226.36
585	5234.33
584.75	5236.29
584.5	5219.12
584.25	5235.64
584	5331.7
583.75	5359.77
583.5	5296.5
583.25	5292.61
583	5272.67
582.75	5259.23
582.5	5262.93
582.25	5240.42
582	5234.94
581.75	5224.55
581.5	5239.79
581.25	5286.75
581	5298.95
580.75	5271.33
580.5	5246.52
580.25	5232.05
580	5214.53
579.75	5170.79
579.5	5120.52
579.25	5122.35
579	5165.25
578.75	5187.32
578.5	5174.5
578.25	5146.23
578	5177.44
577.75	5203.4
577.5	5173.96
577.25	5198.58
577	5199.31
576.75	5166.72
576.5	5164.44
576.25	5166.98
576	5151.08
575.75	5116.12
575.5	5110.49
575.25	5136.41
575	5158.27
574.75	5136.28
574.5	5119.24
574.25	5142.8
574	5145.04
573.75	5155.82
573.5	5208.67
573.25	5216.86
573	5178.49
572.75	5199
572.5	5219.09
572.25	5208.85
572	5239.11
571.75	5217.97
571.5	5144.02
571.25	5183.18
571	5302.13
570.75	5319.32
570.5	5278.99
570.25	5318.31
570	5391.97
569.75	5429.92
569.5	5406.86
569.25	5336.72
569	5299.57
568.75	5273.14
568.5	5285.83
568.25	5328.85
568	5278.44
567.75	5194.09
567.5	5173.23
567.25	5209.15
567	5229.53
566.75	5240.75
566.5	5299.89
566.25	5293.08
566	5181.54
565.75	5142.47
565.5	5163.09
565.25	5102.35
565	5015.04
564.75	5006.7
564.5	5057.86
564.25	5079.25
564	5070.21
563.75	5034
563.5	4962.43
563.25	4908.91
563	4931.08
562.75	5014.82
562.5	5015.63
562.25	4962.83
562	4949.43
561.75	4938.8
561.5	4919.89
561.25	4920.9
561	4982.66
560.75	5034.18
560.5	5005.59
560.25	4985.39
560	5020.01
559.75	5040.64
559.5	5056.54
559.25	5096.16
559	5119.66
558.75	5100.05
558.5	5086.17
558.25	5115.27
558	5152.71
557.75	5168.16
557.5	5142.05
557.25	5139.1
557	5211.22
556.75	5265.98
556.5	5251.24
556.25	5262.67
556	5320.45
555.75	5296.51
555.5	5232.42
555.25	5224.12
555	5239.44
554.75	5292.12
554.5	5345.6
554.25	5310.78
554	5298.16
553.75	5327
553.5	5253.54
553.25	5171.99
553	5162.05
552.75	5193.01
552.5	5240.82
552.25	5227.05
552	5142.3
551.75	5097.57
551.5	5095.59
551.25	5066.25
551	5040.01
550.75	5009.36
550.5	4963.72
550.25	4960.31
550	4985.37
549.75	5005.42
549.5	4955.79
549.25	4865.75
549	4862.61
548.75	4867.99
548.5	4847.26
548.25	4851.58
548	4887.8
547.75	4898.59
547.5	4836.64
547.25	4773.05
547	4728.44
546.75	4679.73
546.5	4649.03
546.25	4631.47
546	4643.77
545.75	4677.88
545.5	4627.24
545.25	4575.2
545	4524.76
544.75	4458.08
544.5	4477.02
544.25	4414.63
544	4293.46
543.75	4267.17
543.5	4252.54
543.25	4233.74
543	4239.58
542.75	4204.79
542.5	4145.83
542.25	4087.22
542	4018.58
541.75	3983.88
541.5	3971.87
541.25	3902.69
541	3803.26
540.75	3786.14
540.5	3785.79
540.25	3731.08
540	3663.35
539.75	3621.23
539.5	3614.44
539.25	3623.77
539	3594.56
538.75	3559.93
538.5	3568.09
538.25	3570.77
538	3621.93
537.75	3695.62
537.5	3653.15
537.25	3552.57
537	3571.21
536.75	3677.82
536.5	3756.15
536.25	3817.85
536	3939.5
535.75	4117.48
535.5	4269.76
535.25	4447.72
535	4759.63
534.75	5184.29
534.5	5618.2
534.25	6090.42
534	6726.44
533.75	7609.29
533.5	8666.16
533.25	9737.63
533	10774.3
532.75	11802.1
532.5	12693.1
532.25	13115.8
532	13053
531.75	12584.1
531.5	11743.2
531.25	10734.4
531	9559.14
530.75	8301.76
530.5	7155.36
530.25	6278.86
530	5681.01
529.75	5181.08
529.5	4838.36
529.25	4651.99
529	4565.57
528.75	4582.15
528.5	4586.55
528.25	4611.95
528	4699.03
527.75	4732.08
527.5	4717.04
527.25	4748.62
527	4778.45
526.75	4721
526.5	4669.49
526.25	4664.83
526	4602.92
525.75	4518.42
525.5	4427.62
525.25	4314.95
525	4236.48
524.75	4129.05
524.5	4027.03
524.25	3990.29
524	3887.06
523.75	3732.93
523.5	3649.29
523.25	3597.43
523	3487.01
522.75	3387.83
522.5	3328.18
522.25	3251.18
522	3226.78
521.75	3250.98
521.5	3257.5
521.25	3209.58
521	3124.13
520.75	3069.34
520.5	3082.69
520.25	3122.36
520	3100.77
519.75	3038.52
519.5	3008.83
519.25	3021.22
519	3018.23
518.75	2998.09
518.5	2980.56
518.25	2981.49
518	3005.34
517.75	2988.73
517.5	2975.78
517.25	2996.35
517	2999.92
516.75	2998.42
516.5	2970.49
516.25	2922.13
516	2913.28
515.75	2928.38
515.5	2932.89
515.25	2910.94
515	2885.46
514.75	2888.5
514.5	2907.98
514.25	2908.49
514	2895.1
513.75	2917.09
513.5	2924.53
513.25	2881.69
513	2846.53
512.75	2828.65
512.5	2835.36
512.25	2878.55
512	2891.42
511.75	2887.23
511.5	2909.51
511.25	2939.01
511	2926.01
510.75	2881.9
510.5	2920.1
510.25	2959.2
510	2936.65
509.75	2911.84
509.5	2909.45
509.25	2929.74
509	2902.97
508.75	2869.7
508.5	2873.68
508.25	2879.19
508	2893.89
507.75	2909.77
507.5	2898.77
507.25	2852.46
507	2843.46
506.75	2854.27
506.5	2842.27
506.25	2897.44
506	2939.97
505.75	2926.04
505.5	2927.94
505.25	2919.69
505	2917.09
504.75	2916.02
504.5	2902.82
504.25	2879.52
504	2842.63
503.75	2853.45
503.5	2891.94
503.25	2879.69
503	2844.02
502.75	2859.27
502.5	2887.89
502.25	2875.83
502	2880.35
501.75	2912.55
501.5	2945.3
501.25	2926.31
501	2866.43
500.75	2864.04
500.5	2889.7
500.25	2910.29
500	2932.8
499.75	2913.48
499.5	2899.76
499.25	2923.14
499	2922.93
498.75	2941.83
498.5	2954.85
498.25	2905.96
498	2892.15
497.75	2917.61
497.5	2936.27
497.25	2947.67
497	2937.31
496.75	2917.95
496.5	2936.81
496.25	2967.56
496	2956.52
495.75	2922.09
495.5	2867.56
495.25	2862.46
495	2889.2
494.75	2861.53
494.5	2861.59
494.25	2890.83
494	2894
493.75	2914.41
493.5	2938.07
493.25	2923.79
493	2898.36
492.75	2912.64
492.5	2940.44
492.25	2943.31
492	2935.05
491.75	2917.5
491.5	2915.49
491.25	2940.43
491	2947.46
490.75	2907.91
490.5	2914.21
490.25	2970.14
490	2983.67
489.75	2974.88
489.5	2951.55
489.25	2925.11
489	2893.67
488.75	2866.76
488.5	2903
488.25	2971.27
488	2981.84
487.75	2955.41
487.5	2939.09
487.25	2899.05
487	2880.42
486.75	2902.28
486.5	2934.28
486.25	2954.4
486	2928.46
485.75	2915.93
485.5	2927.5
485.25	2901.63
485	2869.93
484.75	2917.97
484.5	2989.47
484.25	2988.37
484	2961.77
483.75	2951.59
483.5	2918.1
483.25	2869.67
483	2874.88
482.75	2911.46
482.5	2936.44
482.25	2938.6
482	2914.98
481.75	2891.29
481.5	2877.05
481.25	2865.03
481	2886.56
480.75	2923.54
480.5	2899.53
480.25	2869.45
480	2888.66
479.75	2883.86
479.5	2847.48
479.25	2868.09
479	2904.59
478.75	2909.28
478.5	2914.96
478.25	2886.73
478	2875.53
477.75	2904.89
477.5	2899.73
477.25	2864.5
477	2846.59
476.75	2875.97
476.5	2875.53
476.25	2835.99
476	2851.15
475.75	2862.21
475.5	2852.04
475.25	2881.18
475	2881.4
474.75	2883.07
474.5	2922.87
474.25	2893.11
474	2827.67
473.75	2809.34
473.5	2818.96
473.25	2811.39
473	2793.9
472.75	2780.55
472.5	2787.21
472.25	2838.26
472	2865.59
471.75	2858.41
471.5	2860.32
471.25	2870.2
471	2892.04
470.75	2872.88
470.5	2810.05
470.25	2788.36
470	2828.73
469.75	2861.62
469.5	2844.58
469.25	2814.46
469	2814.52
468.75	2870.7
468.5	2883.42
468.25	2780.63
468	2722.94
467.75	2761.08
467.5	2792.47
467.25	2822.87
467	2878.66
466.75	2911.75
466.5	2891.59
466.25	2881.82
466	2870.17
465.75	2821.83
465.5	2804.54
465.25	2811.03
465	2785.5
464.75	2787.4
464.5	2849.08
464.25	2864
464	2821.76
463.75	2811.58
463.5	2797.94
463.25	2779.05
463	2820.94
462.75	2858.85
462.5	2844.56
462.25	2816.21
462	2829.51
461.75	2871.16
461.5	2873.5
461.25	2879.29
461	2907.27
460.75	2887.72
460.5	2838.14
460.25	2822.66
460	2844.39
459.75	2866.86
459.5	2844.58
459.25	2814.66
459	2845.72
458.75	2855.75
458.5	2816.64
458.25	2819.22
458	2870.96
457.75	2907.79
457.5	2862
457.25	2807.1
457	2807.29
456.75	2804.64
456.5	2819.41
456.25	2858.13
456	2840.28
455.75	2813.52
455.5	2847.31
455.25	2867.35
455	2857.18
454.75	2842.69
454.5	2834.05
454.25	2838
454	2828.37
453.75	2792.22
453.5	2793.18
453.25	2832.87
453	2811.25
452.75	2741.42
452.5	2697.27
452.25	2740.43
452	2835.76
451.75	2875.51
451.5	2836.4
451.25	2790
451	2770.8
450.75	2743.51
450.5	2740.67
450.25	2764.64
450	2747.16
449.75	2737.6
449.5	2780.16
449.25	2803.97
449	2778.43
448.75	2743.01
448.5	2746.44
448.25	2776.17
448	2806.63
447.75	2828.14
447.5	2818.82
447.25	2800.69
447	2807.29
446.75	2812.92
446.5	2820.1
446.25	2809.81
446	2788.57
445.75	2803.16
445.5	2835.54
445.25	2867
445	2849.01
444.75	2800.27
444.5	2797.63
444.25	2827.83
444	2828.66
443.75	2848.44
443.5	2919.03
443.25	2935.15
443	2949.22
442.75	3017.56
442.5	3070.49
442.25	3108.71
442	3152.94
441.75	3195.64
441.5	3224.2
441.25	3287.54
441	3380.21
440.75	3437.09
440.5	3523.14
440.25	3619.2
440	3631.97
439.75	3646.51
439.5	3675.73
439.25	3640.76
439	3598.57
438.75	3564.19
438.5	3440.63
438.25	3302.28
438	3250.99
437.75	3213.48
437.5	3178.41
437.25	3138.47
437	3062.46
436.75	3003.6
436.5	2982.43
436.25	2975.99
436	2963.6
435.75	2913.26
435.5	2856.36
435.25	2834.53
435	2848.38
434.75	2890.6
434.5	2864.41
434.25	2813.43
434	2834.33
433.75	2832.63
433.5	2755.05
433.25	2690.24
433	2682.7
432.75	2674.46
432.5	2667.35
432.25	2653.37
432	2623.66
431.75	2640.68
431.5	2713.86
431.25	2754.89
431	2712.71
430.75	2684.25
430.5	2699.97
430.25	2692.35
430	2671.25
429.75	2655.84
429.5	2630.61
429.25	2620.92
429	2647.91
428.75	2671.55
428.5	2671.34
428.25	2637.98
428	2599.64
427.75	2607.42
427.5	2622.94
427.25	2589.89
427	2552.95
426.75	2574.85
426.5	2595.08
426.25	2572.85
426	2556.63
425.75	2542.5
425.5	2528.71
425.25	2520.96
425	2535.58
424.75	2576.44
424.5	2595.16
424.25	2599.66
424	2596.87
423.75	2579.05
423.5	2542.5
423.25	2541.03
423	2568.11
422.75	2524.48
422.5	2485.83
422.25	2505.81
422	2537.11
421.75	2554.91
421.5	2577.86
421.25	2608.09
421	2597.34
420.75	2592.1
420.5	2591.01
420.25	2562.55
420	2525.21
419.75	2537.32
419.5	2589.3
419.25	2547.6
419	2503.06
418.75	2528.24
418.5	2494.35
418.25	2455.01
418	2492.75
417.75	2550.92
417.5	2577.56
417.25	2579.07
417	2577.98
416.75	2559.82
416.5	2549.9
416.25	2532.79
416	2490.55
415.75	2501.74
415.5	2551.99
415.25	2528.77
415	2502.31
414.75	2537.74
414.5	2525.81
414.25	2495.28
414	2495.96
413.75	2480.27
413.5	2447.32
413.25	2439.71
413	2455.18
412.75	2490.93
412.5	2538.45
412.25	2528.7
412	2501.96
411.75	2510.1
411.5	2513.97
411.25	2527.92
411	2552.76
410.75	2544.71
410.5	2508.83
410.25	2499.09
410	2504.07
409.75	2515.67
409.5	2534.33
409.25	2508.9
409	2461.78
408.75	2448.12
408.5	2493.3
408.25	2535.18
408	2523.32
407.75	2537.7
407.5	2570.02
407.25	2537.33
407	2480.66
406.75	2457.84
406.5	2465.5
406.25	2475.48
406	2460.87
405.75	2461.72
405.5	2476.96
405.25	2460.22
405	2484.33
404.75	2532.09
404.5	2524.64
404.25	2539.86
404	2568.62
403.75	2533.21
403.5	2492.33
403.25	2517.78
403	2555.76
402.75	2525.25
402.5	2518.29
402.25	2579.54
402	2577.57
401.75	2572.86
401.5	2617.29
401.25	2626.38
401	2611.81
400.75	2582.03
400.5	2575.78
400.25	2620.93
400	2632.45
399.75	2589.56
399.5	2557.68
399.25	2554.93
399	2568.48
398.75	2556.22
398.5	2548.4
398.25	2575.66
398	2569.53
397.75	2558.28
397.5	2572.17
397.25	2560.88
397	2539.26
396.75	2535.77
396.5	2534.86
396.25	2531.82
396	2511.87
395.75	2476.33
395.5	2444.06
395.25	2452.09
395	2477.29
394.75	2460.16
394.5	2465.51
394.25	2472.52
394	2442.75
393.75	2439.3
393.5	2493.39
393.25	2529.92
393	2485.61
392.75	2482.11
392.5	2510.95
392.25	2496.26
392	2471.69
391.75	2442.96
391.5	2440.58
391.25	2437.47
391	2436.29
390.75	2464.07
390.5	2493.52
390.25	2542.62
390	2534.24
389.75	2479.06
389.5	2498.41
389.25	2534.18
389	2516.7
388.75	2445.4
388.5	2402.48
388.25	2464.23
388	2526.66
387.75	2524.6
387.5	2520.76
387.25	2529.83
387	2531.54
386.75	2523.27
386.5	2522.94
386.25	2529.52
386	2511.5
385.75	2498.35
385.5	2511.24
385.25	2543.84
385	2560.02
384.75	2530.96
384.5	2504.54
384.25	2477.83
384	2445.23
383.75	2479.42
383.5	2536.55
383.25	2541.15
383	2545.95
382.75	2531.94
382.5	2485.88
382.25	2481.06
382	2475.45
381.75	2430.19
381.5	2432.07
381.25	2478.03
381	2472.07
380.75	2461.55
380.5	2488.86
380.25	2460.86
380	2400.75
379.75	2408.72
379.5	2457.42
379.25	2444.3
379	2402.2
378.75	2454.18
378.5	2511.41
378.25	2452.33
378	2408.74
377.75	2447.13
377.5	2468.53
377.25	2453.93
377	2429
376.75	2408.68
376.5	2401.15
376.25	2408.56
376	2394.14
375.75	2366.71
375.5	2372.94
375.25	2393.23
375	2400.52
374.75	2394.04
374.5	2414.75
374.25	2449.45
374	2457.45
373.75	2442.57
373.5	2441.02
373.25	2451.71
373	2401.73
372.75	2376.95
372.5	2437.49
372.25	2451.12
372	2454.32
371.75	2469.01
371.5	2467.06
371.25	2483.85
371	2456.96
370.75	2410.1
370.5	2421
370.25	2459.25
370	2435.76
369.75	2369.81
369.5	2341.81
369.25	2358.91
369	2385.5
368.75	2403.49
368.5	2444.98
368.25	2462.01
368	2407.67
367.75	2371.08
367.5	2371.95
367.25	2373.4
367	2387.61
366.75	2382.32
366.5	2344.73
366.25	2349.91
366	2387.16
365.75	2399.99
365.5	2390.23
365.25	2346.71
365	2317.72
364.75	2364.24
364.5	2429.46
364.25	2431.97
364	2400.38
363.75	2401.3
363.5	2414.82
363.25	2397.53
363	2383.68
362.75	2397.66
362.5	2384.85
362.25	2325.75
362	2307.49
361.75	2325.77
361.5	2313.69
361.25	2290.67
361	2265.35
360.75	2249.51
360.5	2269.53
360.25	2294.69
360	2293.75
359.75	2304.09
359.5	2339.7
359.25	2356.05
359	2347.98
358.75	2358.63
358.5	2366.33
358.25	2342.87
358	2318.52
357.75	2294.12
357.5	2253.66
357.25	2240.5
357	2249.05
356.75	2238.79
356.5	2256.47
356.25	2283.58
356	2268.46
355.75	2243.57
355.5	2256.39
355.25	2245.69
355	2193.34
354.75	2212.59
354.5	2267.8
354.25	2275.19
354	2292.83
353.75	2331.96
353.5	2374.95
353.25	2464.11
353	2576.66
352.75	2738.08
352.5	2984.3
352.25	3266.83
352	3534.15
351.75	3750.39
351.5	3915.76
351.25	3986.18
351	3933.58
350.75	3817.57
350.5	3678.97
350.25	3533.14
350	3421.97
349.75	3373.07
349.5	3412.08
349.25	3606.25
349	3961.86
348.75	4391.85
348.5	4812.85
348.25	5210.13
348	5516.47
347.75	5650.44
347.5	5582.58
347.25	5311.02
347	4925.88
346.75	4494.45
346.5	4062.52
346.25	3595.49
346	3142.56
345.75	2833.95
345.5	2585.44
345.25	2378.06
345	2259.85
344.75	2218.13
344.5	2254.32
344.25	2242.24
344	2167.8
343.75	2131.64
343.5	2111.4
343.25	2101.71
343	2087.16
342.75	2082.06
342.5	2104.16
342.25	2120.16
342	2126.38
341.75	2121.19
341.5	2111.45
341.25	2104.39
341	2085.05
340.75	2035.03
340.5	1971.39
340.25	1910.44
340	1858.87
339.75	1813.82
339.5	1768.19
339.25	1762.67
339	1778.33
338.75	1792.93
338.5	1797.78
338.25	1757.46
338	1727.74
337.75	1744.49
337.5	1761.89
337.25	1767.77
337	1751.65
336.75	1713.02
336.5	1711.23
336.25	1737.65
336	1719.56
335.75	1691.78
335.5	1697.94
335.25	1697.98
335	1709.15
334.75	1702.28
334.5	1666.11
334.25	1672.19
334	1691.78
333.75	1682.75
333.5	1671.24
333.25	1694.44
333	1716.77
332.75	1704.46
332.5	1694.02
332.25	1682.61
332	1680.27
331.75	1697.8
331.5	1718.58
331.25	1721.14
331	1679.74
330.75	1651.73
330.5	1665.25
330.25	1667.76
330	1662.17
329.75	1682.66
329.5	1682.8
329.25	1663.18
329	1667.88
328.75	1648.1
328.5	1630.95
328.25	1662.13
328	1677.42
327.75	1692.36
327.5	1710.69
327.25	1672.11
327	1648.66
326.75	1665.69
326.5	1664.58
326.25	1659.85
326	1674.22
325.75	1692.18
325.5	1686.28
325.25	1669.63
325	1660.52
324.75	1655.85
324.5	1650.13
324.25	1634.15
324	1621.07
323.75	1623.88
323.5	1629.46
323.25	1630.63
323	1646.92
322.75	1663.38
322.5	1649.25
322.25	1623.9
322	1612.71
321.75	1622.6
321.5	1646.06
321.25	1659.84
321	1684.63
320.75	1711.24
320.5	1689.47
320.25	1641.26
320	1600.15
319.75	1609.95
319.5	1633.95
319.25	1608.89
319	1591.01
318.75	1598.44
318.5	1633.29
318.25	1671.32
318	1645.99
317.75	1602.89
317.5	1576.89
317.25	1561.98
317	1595.79
316.75	1648.13
316.5	1661.59
316.25	1643.83
316	1643.44
315.75	1668.52
315.5	1648.45
315.25	1608.51
315	1613.54
314.75	1643.17
314.5	1663.73
314.25	1653.49
314	1652.22
313.75	1657.88
313.5	1640.41
313.25	1637.65
313	1651
312.75	1644.81
312.5	1624.87
312.25	1625.22
312	1649.78
311.75	1678.38
311.5	1699.6
311.25	1690.82
311	1659.4
310.75	1642.39
310.5	1658.22
310.25	1687.33
310	1678.33
309.75	1643.15
309.5	1628.07
309.25	1630
309	1623.07
308.75	1611.39
308.5	1623.76
308.25	1639.69
308	1617
307.75	1582.39
307.5	1597.61
307.25	1647.12
307	1650.45
306.75	1641.67
306.5	1647.93
306.25	1657.14
306	1685.14
305.75	1693.21
305.5	1711.74
305.25	1759.57
305	1783.18
304.75	1767.65
304.5	1744.4
304.25	1740.24
304	1765.71
303.75	1796.15
303.5	1780.91
303.25	1764.13
303	1761.9
302.75	1735.31
302.5	1717.26
302.25	1714.04
302	1713.49
301.75	1714.52
301.5	1717.51
301.25	1710.46
301	1691.5
300.75	1679.44
300.5	1679.56
300.25	1693.33
300	1693.07
299.75	1702.04
299.5	1734.73
299.25	1730.48
299	1706.04
298.75	1703.12
298.5	1726.51
298.25	1763.13
298	1758.54
297.75	1739.9
297.5	1755.83
297.25	1770.71
297	1756.03
296.75	1740.44
296.5	1736.33
296.25	1710.14
296	1691.23
295.75	1722.08
295.5	1768.67
295.25	1764.06
295	1736.24
294.75	1728.68
294.5	1722.67
294.25	1731.69
294	1748.93
293.75	1761.49
293.5	1802.55
293.25	1833.27
293	1772.54
292.75	1699.23
292.5	1686.23
292.25	1648.96
292	1577.62
291.75	1541.51
291.5	1514.33
291.25	1474.55
291	1466.45
290.75	1481.98
290.5	1469.89
290.25	1452.97
290	1466.21
289.75	1487.84
289.5	1491.05
289.25	1470.91
289	1443.44
288.75	1412.61
288.5	1408.21
288.25	1413.87
288	1414.21
287.75	1424.22
287.5	1431
287.25	1446.91
287	1454.32
286.75	1469.08
286.5	1511.4
286.25	1590.97
286	1708.16
285.75	1778.76
285.5	1799.09
285.25	1839.11
285	1896.39
284.75	1929.07
284.5	1911.52
284.25	1882.73
284	1877.34
283.75	1829.75
283.5	1748.8
283.25	1708.12
283	1655.91
282.75	1629.64
282.5	1691.73
282.25	1724.61
282	1741.66
281.75	1870.23
281.5	2044.6
281.25	2200.35
281	2362.14
280.75	2495.84
280.5	2620.94
280.25	2736.7
280	2777.92
279.75	2758.05
279.5	2746.29
279.25	2738.1
279	2686.17
278.75	2630.45
278.5	2545.21
278.25	2368.43
278	2139.69
277.75	1890.65
277.5	1683.63
277.25	1538.99
277	1390.14
276.75	1274.92
276.5	1241.58
276.25	1219.48
276	1186.16
275.75	1183.76
275.5	1195.62
275.25	1193.86
275	1198.82
274.75	1200.91
274.5	1163.77
274.25	1151.31
274	1161.59
273.75	1159.13
273.5	1180.31
273.25	1169.31
273	1144.6
272.75	1148.16
272.5	1147.23
272.25	1126.42
272	1104.72
271.75	1124.95
271.5	1135.58
271.25	1123.51
271	1126.88
270.75	1134.5
270.5	1140.97
270.25	1136.89
270	1129.6
269.75	1154.28
269.5	1194.2
269.25	1225.09
269	1263.09
268.75	1268.14
268.5	1249.28
268.25	1240.54
268	1228.68
267.75	1241.6
267.5	1255.8
267.25	1254.51
267	1278.25
266.75	1307.52
266.5	1351.35
266.25	1407.3
266	1435.25
265.75	1456.73
265.5	1473.76
265.25	1514.95
265	1579.27
264.75	1614.24
264.5	1631.73
264.25	1632.54
264	1595.52
263.75	1531.3
263.5	1469.88
263.25	1424.69
263	1385.57
262.75	1325.06
262.5	1244.75
262.25	1177.34
262	1140.33
261.75	1112.12
261.5	1088.62
261.25	1079.04
261	1070.91
260.75	1070.64
260.5	1062.94
260.25	1043.68
260	1035.04
259.75	1036.41
259.5	1027.44
259.25	1006.03
259	1031.91
258.75	1064.1
258.5	1045.32
258.25	1025.24
258	1003.19
257.75	990.995
257.5	986.914
257.25	984.123
257	980.881
256.75	966.9
256.5	973.715
256.25	989.354
256	982.538
255.75	962.812
255.5	948.596
255.25	931.411
255	917.829
254.75	920.137
254.5	929.429
254.25	936.48
254	923.213
253.75	919.124
253.5	952.316
253.25	968.983
253	957.503
252.75	965.974
252.5	979.473
252.25	970.24
252	966.715
251.75	980.815
251.5	982.314
251.25	949.997
251	934.551
250.75	974.391
250.5	990.897
250.25	962.273
250	968.165
249.75	990.247
249.5	979.598
249.25	965.282
249	951.354
248.75	931.682
248.5	934.17
248.25	958.754
248	980.509
247.75	981.17
247.5	980.791
247.25	982.967
247	976.691
246.75	976.75
246.5	974.323
246.25	965.251
246	950.857
245.75	955.465
245.5	974.582
245.25	966.578
245	934.227
244.75	925.046
244.5	942.228
244.25	943.731
244	947.487
243.75	960.191
243.5	972.607
243.25	984.889
243	989.772
242.75	975.057
242.5	958.572
242.25	968.385
242	969.42
241.75	960.649
241.5	965.437
241.25	957.003
241	954.001
240.75	993.191
240.5	1012.84
240.25	966.106
240	913.578
239.75	902.489
239.5	927.678
239.25	964.721
239	978.757
238.75	987.633
238.5	982.031
238.25	958.666
238	966.915
237.75	955.538
237.5	942.439
237.25	987.603
237	997.642
236.75	964.318
236.5	971.297
236.25	987.922
236	990.904
235.75	1002.81
235.5	1001.87
235.25	993.931
235	991.223
234.75	989.856
234.5	1008.28
234.25	1028.89
234	1025.49
233.75	1020.6
233.5	1023.32
233.25	1005.93
233	985.272
232.75	995.257
232.5	995.32
232.25	970.302
232	958.188
231.75	975.584
231.5	999.516
231.25	997.069
231	979.156
230.75	970.379
230.5	983.473
230.25	1002.72
230	1013.54
229.75	1010.13
229.5	993.665
229.25	990.015
229	1006.69
228.75	1032.41
228.5	1030.23
228.25	1001.59
228	999.388
227.75	988.374
227.5	953.37
227.25	953.027
227	976.705
226.75	1011.8
226.5	1033.06
226.25	1015.97
226	1007.14
225.75	1006.94
225.5	993.01
225.25	976.517
225	969.348
224.75	987.594
224.5	1001.1
224.25	969.475
224	935.063
223.75	944.709
223.5	979.034
223.25	996.031
223	1000.43
222.75	991.389
222.5	972.682
222.25	959.48
222	941.592
221.75	944.428
221.5	948.655
221.25	939.624
221	932.209
220.75	932.656
220.5	953.298
220.25	966.116
220	952.43
219.75	935.972
219.5	933.557
219.25	933.93
219	951.519
218.75	967.06
218.5	937.028
218.25	910.579
218	931.735
217.75	955.851
217.5	946.22
217.25	935.031
217	936.609
216.75	931.225
216.5	925.533
216.25	925.669
216	932.391
215.75	937.202
215.5	943.479
215.25	955.645
215	950.603
214.75	958.622
214.5	996.486
214.25	1009.23
214	982.452
213.75	964.695
213.5	962.109
213.25	942.353
213	932.154
212.75	929.56
212.5	926.592
212.25	947.789
212	975.415
211.75	984.581
211.5	953.52
211.25	932.275
211	968.161
210.75	1000.32
210.5	979.362
210.25	945.305
210	938.142
209.75	932.291
209.5	939.048
209.25	963.466
209	970.259
208.75	964.226
208.5	950.931
208.25	936.652
208	949.446
207.75	969.017
207.5	961.27
207.25	936.382
207	926.778
206.75	944.232
206.5	944.853
206.25	915.881
206	902.446
205.75	923.781
205.5	950.445
205.25	950.262
205	911.537
204.75	882.128
204.5	897.422
204.25	908.433
204	912.147
203.75	912.544
203.5	884.683
203.25	868.884
203	893.945
202.75	915.23
202.5	911.86
202.25	911.626
202	920.333
201.75	918.841
201.5	898.809
201.25	903.117
201	924.824
200.75	906.863
200.5	899.762
200.25	922.485
200	914.077
199.75	896.451
199.5	901.663
199.25	900.132
199	883.285
198.75	885.019
198.5	901.321
198.25	892.166
198	874.551
197.75	883.784
197.5	907.262
197.25	916.098
197	903.102
196.75	883.153
196.5	882.075
196.25	892.68
196	895.13
195.75	904.122
195.5	919.897
195.25	933.126
195	944.318
194.75	960.091
194.5	973.242
194.25	974.312
194	981.048
193.75	1005.44
193.5	1062.79
193.25	1121.43
193	1141.93
192.75	1193.04
192.5	1264.03
192.25	1311.19
192	1376.28
191.75	1406.01
191.5	1409.03
191.25	1447.14
191	1460.83
190.75	1439.48
190.5	1423.58
190.25	1386.44
190	1315.64
189.75	1251.13
189.5	1191.66
189.25	1130.09
189	1079.93
188.75	1034.96
188.5	1006.51
188.25	974.244
188	931.129
187.75	933.371
187.5	945.46
187.25	938.04
187	935.949
186.75	913.601
186.5	893.06
186.25	892.811
186	884.131
185.75	888.927
185.5	893.5
185.25	883.455
185	906.084
184.75	923.567
184.5	893.534
184.25	859.543
184	846.036
183.75	845.58
183.5	847.266
183.25	839.746
183	832.524
182.75	834.118
182.5	846.157
182.25	849.576
182	835.183
181.75	849.941
181.5	871.932
181.25	850.834
181	825.221
180.75	808.662
180.5	818.518
180.25	853.201
180	860.633
179.75	853.73
179.5	845.075
179.25	833.82
179	830.205
178.75	835.746
178.5	833.524
178.25	828.621
178	850.484
177.75	870.964
177.5	864.596
177.25	846.559
177	822.821
176.75	807.965
176.5	818.341
176.25	838.201
176	828.488
175.75	797.333
175.5	799.733
175.25	819.791
175	833.391
174.75	839.908
174.5	830.085
174.25	823.57
174	827.496
173.75	828.465
173.5	825.129
173.25	832.229
173	846.87
172.75	853.227
172.5	849.174
172.25	832.665
172	813.002
171.75	829.372
171.5	851.739
171.25	869.535
171	900.484
170.75	904.423
170.5	912.028
170.25	925.95
170	914.33
169.75	916.505
169.5	942.017
169.25	952.742
169	940.345
168.75	912.514
168.5	893.944
168.25	880.406
168	836.821
167.75	819.466
167.5	849.913
167.25	866.132
167	867.027
166.75	841.614
166.5	796.491
166.25	802.672
166	830.725
165.75	827.231
165.5	807.179
165.25	792.045
165	798.585
164.75	804.178
164.5	806
164.25	822.823
164	819.361
163.75	797.107
163.5	787.279
163.25	783.665
163	813.064
162.75	847.322
162.5	849.452
162.25	847.971
162	838.333
161.75	828.741
161.5	821.603
161.25	816.393
161	811.266
160.75	786.849
160.5	785.147
160.25	814.474
160	817.268
159.75	811.054
159.5	809.847
159.25	806.205
159	816.354
158.75	815.732
158.5	810.015
158.25	821.815
158	819.477
157.75	806.023
157.5	827.778
157.25	849.368
157	840.733
156.75	839.001
156.5	825.421
156.25	806.655
156	822.328
155.75	844.185
155.5	842.849
155.25	829.968
155	850.343
154.75	889.176
154.5	887.577
154.25	874.079
154	882.85
153.75	900.407
153.5	907.505
153.25	908.302
153	897.957
152.75	850.107
152.5	819.885
152.25	831.207
152	838.368
151.75	838.679
151.5	836.693
151.25	838.935
151	844.642
150.75	827.939
150.5	786.185
150.25	778.401
150	805.542
149.75	810.538
149.5	793.084
149.25	775.588
149	779.824
148.75	803.698
148.5	801.531
148.25	766.366
148	769.799
147.75	808.301
147.5	817.111
147.25	798.535
147	766.965
146.75	748.35
146.5	768.87
146.25	779.892
146	767.212
145.75	770.592
145.5	771.581
145.25	751.954
145	737.236
144.75	731.571
144.5	724.712
144.25	718.405
144	712.951
143.75	710.486
143.5	692.946
143.25	676.663
143	684.589
142.75	685.479
142.5	670.463
142.25	668.672
142	686.776
141.75	691.793
141.5	671.363
141.25	653.138
141	656.361
140.75	650.773
140.5	636.016
140.25	641.62
140	656.783
139.75	665.775
139.5	658.445
139.25	646.755
139	653.213
138.75	671.307
138.5	680.832
138.25	679.07
138	679.653
137.75	701.929
137.5	716.023
137.25	702.038
137	700.642
136.75	716.559
136.5	750.001
136.25	796.661
136	852.295
135.75	925.976
135.5	999.731
135.25	1092.15
135	1229.96
134.75	1374.2
134.5	1514.03
134.25	1641.78
134	1724.77
133.75	1785.24
133.5	1806.74
133.25	1767.46
133	1662.58
132.75	1506.05
132.5	1342.84
132.25	1188.02
132	1066.03
131.75	973.979
131.5	900.96
131.25	844.116
131	778.686
130.75	733.202
130.5	733.783
130.25	733.496
130	701.501
129.75	672.489
129.5	679.595
129.25	692.414
129	684.558
128.75	666.176
128.5	666.973
128.25	693.707
128	705.813
127.75	688.668
127.5	673.833
127.25	672.788
127	672.832
126.75	676.17
126.5	672.012
126.25	658.41
126	650.987
125.75	649.039
125.5	648.277
125.25	637.433
125	626.043
124.75	643.656
124.5	657.231
124.25	646.794
124	643.499
123.75	648.65
123.5	641.288
123.25	613.482
123	597.12
122.75	606.19
122.5	619.097
122.25	628.586
122	630.851
121.75	617.21
121.5	604.441
121.25	622.965
121	646.551
120.75	637.322
120.5	626.549
120.25	632.323
120	646.433
119.75	661.838
119.5	663.7
119.25	658.89
119	646.115
118.75	633.748
118.5	633.667
118.25	649.362
118	658.561
117.75	635.341
117.5	611.84
117.25	593.5
117	585.353
116.75	592.118
116.5	591.609
116.25	599.818
116	613.246
115.75	621.5
115.5	630.607
115.25	634.072
115	621.259
114.75	609.635
114.5	615.369
114.25	610.439
114	608.81
113.75	617.115
113.5	607.124
113.25	605.659
113	614.369
112.75	619.163
112.5	625.205
112.25	625.389
112	623.064
111.75	595.494
111.5	568.732
111.25	577.741
111	593.238
110.75	608.592
110.5	622.123
110.25	612.316
110	599.034
109.75	617.201
109.5	614.768
109.25	565.418
109	547.309
108.75	571.624
108.5	578.202
108.25	576.891
108	573.316
107.75	559.963
107.5	573.251
107.25	594.974
107	585.982
106.75	573.932
106.5	575.678
106.25	580.114
106	586.515
105.75	593.361
105.5	610.369
105.25	619.581
105	603.218
104.75	586.61
104.5	593.001
104.25	624.514
104	652.835
103.75	663.905
103.5	675.737
103.25	685.769
103	702.07
102.75	737.019
102.5	757.055
102.25	734.719
102	698.465
101.75	668.728
101.5	644.283
101.25	638.683
101	631.281
100.75	612.185
100.5	599.532
100.25	596.511
100	605.403
99.75	599.045
99.5	569.222
99.25	558.612
99	582.444
98.75	597.259
98.5	583.287
98.25	575.948
98	573.589
97.75	573.624
97.5	592.002
97.25	604.223
97	595.786
96.75	589.361
96.5	599.82
96.25	610.679
96	608.477
95.75	602.474
95.5	593.849
95.25	587.193
95	578.423
94.75	555.736
94.5	548.281
94.25	564.14
94	564.454
93.75	553.493
93.5	550.182
93.25	542.326
93	537.249
92.75	551.281
92.5	571.452
92.25	589.193
92	602.701
91.75	581.606
91.5	557.184
91.25	573.257
91	593.771
90.75	599.963
90.5	580.706
90.25	555.038
90	566.234
89.75	584.749
89.5	586.253
89.25	593.73
89	615.273
88.75	628.142
88.5	619.21
88.25	592.042
88	567.326
87.75	564.688
87.5	578.312
87.25	584.599
87	576.106
86.75	567.302
86.5	562.519
86.25	570.388
86	583.06
85.75	591.588
85.5	594.491
85.25	575.096
85	537.557
84.75	528.881
84.5	541.578
84.25	535.121
84	536.239
83.75	545.462
83.5	542.358
83.25	541.866
83	543.383
82.75	531.899
82.5	531.796
82.25	562.11
82	578.127
81.75	562.728
81.5	536.171
81.25	512.561
81	498.007
80.75	499.143
80.5	518.652
80.25	524.926
80	519.558
79.75	527.996
79.5	532.011
79.25	518.47
79	502.759
78.75	500.353
78.5	501.864
78.25	514.48
78	548.117
77.75	539.785
77.5	499.509
77.25	503.191
77	521.732
76.75	522.016
76.5	523.722
76.25	524.962
76	525.402
75.75	525.189
75.5	529.116
75.25	547.845
75	564.056
74.75	572.133
74.5	590.002
74.25	594.518
74	561.131
73.75	553.725
73.5	579.86
73.25	575.626
73	546.25
72.75	524.636
72.5	520.424
72.25	523.589
72	526.056
71.75	527.064
71.5	529.226
71.25	516.82
71	495.863
70.75	503.148
70.5	518.054
70.25	520.723
70	517.702
69.75	507.276
69.5	513.358
69.25	525.05
69	519.805
68.75	506.221
68.5	490.738
68.25	497.823
68	511.254
67.75	512.258
67.5	523.044
67.25	542.573
67	543.24
66.75	510.111
66.5	487.006
66.25	499.091
66	521.332
65.75	532.131
65.5	521.682
65.25	507.499
65	512.334
64.75	522.442
64.5	516.929
64.25	514.448
64	525.771
63.75	530.633
63.5	528.198
63.25	520.777
63	522.054
62.75	540.816
62.5	555.002
62.25	553.266
62	536.492
61.75	530.988
61.5	539.086
61.25	537.401
61	529.509
60.75	523.78
60.5	517.422
60.25	513.501
60	526.336
59.75	532.098
59.5	508.478
59.25	492.977
59	502.77
58.75	497.716
58.5	475.948
58.25	466.409
58	472.379
57.75	483.347
57.5	500.92
57.25	513.829
57	484.417
56.75	450.815
56.5	454.005
56.25	459.732
56	446.205
55.75	443.174
55.5	463.526
55.25	470.326
55	469.691
54.75	476.257
54.5	465.004
54.25	437.62
54	433.257
53.75	452.608
53.5	455.342
53.25	450.426
53	457.189
52.75	455.97
52.5	450.546
52.25	463.889
52	484.225
51.75	487.615
51.5	483.089
51.25	491.362
51	515.324
50.75	531.976
50.5	519.73
50.25	510.225
50	519.754
49.75	524.901
49.5	521.321
49.25	510.79
49	501.737
48.75	498.919
48.5	509.488
48.25	529.636
48	518.95
47.75	481.988
47.5	465.742
47.25	471.48
47	488.73
46.75	506.796
46.5	507.033
46.25	513.599
46	535.015
45.75	546.659
45.5	548.415
45.25	552.124
45	571.017
44.75	579.191
44.5	576.002
44.25	599.109
44	609.76
43.75	579.214
43.5	540.457
43.25	521.588
43	525.782
42.75	520.52
42.5	484.215
42.25	443.433
42	423.991
41.75	415.18
41.5	408.754
41.25	414.576
41	421.67
40.75	406.69
40.5	381.357
40.25	385.106
40	400.985
39.75	396.81
39.5	392.371
39.25	404.953
39	409.615
38.75	390.94
38.5	386.393
38.25	398.835
38	409.779
37.75	401.061
37.5	371.717
37.25	358.328
37	371.815
36.75	394.401
36.5	393.105
36.25	379.022
36	374.614
35.75	371.075
35.5	364.373
35.25	353.157
35	339.879
34.75	326.902
34.5	319.483
34.25	326.715
34	356.836
33.75	378.64
33.5	354.144
33.25	333.52
33	339.384
32.75	340.825
32.5	337.016
32.25	330.329
32	342.192
31.75	359.318
31.5	349.161
31.25	329.523
31	328.893
30.75	340.357
30.5	350.96
30.25	369.537
30	378.133
29.75	362.836
29.5	363.204
29.25	380.893
29	385.064
28.75	399.061
28.5	405.136
28.25	387.001
28	399
27.75	435.168
27.5	458.311
27.25	486.315
27	541.364
26.75	608.739
26.5	679.694
26.25	744.923
26	800.848
25.75	852.661
25.5	899.299
25.25	924.284
25	897.604
24.75	858.422
24.5	819.663
24.25	771.154
24	740.062
23.75	714.491
23.5	681.994
23.25	638.424
23	594.3
22.75	550.014
22.5	497.038
22.25	470.937
22	455.656
21.75	414.879
21.5	381.759
21.25	377.824
21	373.887
20.75	351.277
20.5	340.823
20.25	340.647
20	336.536
19.75	334.658
19.5	324.688
19.25	326.534
19	335.366
18.75	330.666
18.5	329.502
18.25	335.036
18	333.603
17.75	319.413
17.5	318.048
17.25	331.296
17	340.03
16.75	344.016
16.5	318.626
16.25	283.454
16	274.473
15.75	281.266
15.5	292.461
15.25	295.958
15	288.448
14.75	265.327
14.5	246.946
14.25	257.097
14	266.078
13.75	259.447
13.5	257.03
13.25	259.488
13	270.708
12.75	286.464
12.5	291.166
12.25	309.192
12	323.931
11.75	312.266
11.5	303.797
11.25	293.109
11	290.433
10.75	304.003
10.5	303.803
10.25	293.251
10	297.428
9.75	301.598
9.5	291.341
9.25	287.371
9	289.858
8.75	285.265
8.5	280.388
8.25	285.067
8	280.709
7.75	263.83
7.5	260.243
7.25	265.44
7	261.043
6.75	262.09
6.5	274.765
6.25	280.456
6	273.576
5.75	269.313
5.5	263.209
5.25	257.382
5	257.536
4.75	245.651
4.5	238.901
4.25	243.277
4	239.107
3.75	230.488
3.5	224.659
3.25	216.811
3	216.098
2.75	217.822
2.5	201.867
2.25	194.947
2	200.164
1.75	190.733
1.5	179.594
1.25	179.621
1	183.996
0.75	184.616
0.5	180.362
0.25	176.923
0	176.847
