Element ; Region 1 of 1; Depth Cycle 1 of 1; Time Per Step 50; Sweeps 5; Anode Mg; Photon Energy 1253.6; XPS;
1100	19379
1099.75	19379
1099.5	19379
1099.25	19379
1099	19379
1098.75	19379
1098.5	19379
1098.25	19379
1098	19379
1097.75	19379
1097.5	19379
1097.25	19379
1097	19379
1096.75	19379
1096.5	19379
1096.25	19379
1096	19379
1095.75	19379
1095.5	19379
1095.25	19379
1095	19379
1094.75	19379
1094.5	19379
1094.25	19379
1094	19379
1093.75	19379
1093.5	19379
1093.25	19379
1093	19344.3
1092.75	19064.3
1092.5	18898.3
1092.25	18938.5
1092	19011.5
1091.75	19101
1091.5	19096.3
1091.25	18929
1091	18842.3
1090.75	18864.5
1090.5	18828.3
1090.25	18859
1090	18934.5
1089.75	18833
1089.5	18704
1089.25	18665
1089	18612.3
1088.75	18605.8
1088.5	18590.8
1088.25	18479
1088	18508.5
1087.75	18652.3
1087.5	18626.8
1087.25	18493.8
1087	18349.3
1086.75	18280.3
1086.5	18375.3
1086.25	18425.3
1086	18416.3
1085.75	18442.8
1085.5	18421.3
1085.25	18376
1085	18308
1084.75	18271
1084.5	18343
1084.25	18279.8
1084	18113
1083.75	18109.3
1083.5	18113.5
1083.25	18070.8
1083	18065.5
1082.75	18019
1082.5	18020.8
1082.25	18068.5
1082	18016.8
1081.75	17902.3
1081.5	17834.3
1081.25	17880
1081	17912.8
1080.75	17858
1080.5	17767
1080.25	17657.3
1080	17664.3
1079.75	17750.5
1079.5	17744.3
1079.25	17694.3
1079	17629.8
1078.75	17623.8
1078.5	17700.8
1078.25	17708.3
1078	17633.3
1077.75	17529.8
1077.5	17495.8
1077.25	17574.3
1077	17603.5
1076.75	17556.8
1076.5	17550
1076.25	17572.5
1076	17600.3
1075.75	17648.3
1075.5	17728.3
1075.25	17798.3
1075	17847
1074.75	17959.8
1074.5	18128.3
1074.25	18197.3
1074	18165.8
1073.75	18201.8
1073.5	18195.3
1073.25	18027
1073	17895.3
1072.75	17844.8
1072.5	17689.5
1072.25	17519
1072	17388
1071.75	17224.3
1071.5	17193.5
1071.25	17187.5
1071	17050.5
1070.75	16907
1070.5	16851.3
1070.25	16856.5
1070	16880.5
1069.75	16902.3
1069.5	16858.8
1069.25	16765.5
1069	16690.5
1068.75	16668.5
1068.5	16644.8
1068.25	16605.8
1068	16562.5
1067.75	16529.3
1067.5	16608.8
1067.25	16710.3
1067	16666
1066.75	16627.8
1066.5	16650.3
1066.25	16568.5
1066	16428.8
1065.75	16349
1065.5	16346.5
1065.25	16397.3
1065	16465.3
1064.75	16427.5
1064.5	16318.5
1064.25	16347.8
1064	16454
1063.75	16470
1063.5	16432.8
1063.25	16422.3
1063	16336.8
1062.75	16265.3
1062.5	16351.3
1062.25	16295
1062	16129.8
1061.75	16119.5
1061.5	16116.8
1061.25	16088.5
1061	16074.8
1060.75	16052.8
1060.5	16041.5
1060.25	15997
1060	15967.5
1059.75	15973.3
1059.5	15933.8
1059.25	15897.5
1059	15940.8
1058.75	15972.5
1058.5	15994
1058.25	16105.8
1058	16158.8
1057.75	16046.3
1057.5	15913
1057.25	15831
1057	15757.3
1056.75	15712
1056.5	15637
1056.25	15603
1056	15719.5
1055.75	15712.8
1055.5	15591.8
1055.25	15605.5
1055	15678.3
1054.75	15698
1054.5	15688.5
1054.25	15647.3
1054	15564
1053.75	15498
1053.5	15478.5
1053.25	15555.5
1053	15612.3
1052.75	15518.8
1052.5	15438.3
1052.25	15472.3
1052	15599
1051.75	15649.3
1051.5	15507.3
1051.25	15372
1051	15416
1050.75	15474.8
1050.5	15350.3
1050.25	15240
1050	15273.5
1049.75	15336
1049.5	15395.3
1049.25	15412
1049	15383.3
1048.75	15375.5
1048.5	15423.8
1048.25	15454.5
1048	15437.3
1047.75	15467.8
1047.5	15414
1047.25	15288
1047	15281.8
1046.75	15328.5
1046.5	15336
1046.25	15261.8
1046	15192
1045.75	15236
1045.5	15288.3
1045.25	15328
1045	15377.8
1044.75	15344.5
1044.5	15312
1044.25	15292.8
1044	15213.5
1043.75	15170
1043.5	15137.3
1043.25	15076.8
1043	15021.3
1042.75	14981.8
1042.5	14986.8
1042.25	14971.3
1042	14950.5
1041.75	14970.3
1041.5	15006.3
1041.25	15042.3
1041	15097.8
1040.75	15173.5
1040.5	15120.8
1040.25	15002.3
1040	14972.5
1039.75	14923.5
1039.5	14860.3
1039.25	14899.5
1039	14951
1038.75	14915.8
1038.5	14890.5
1038.25	14931.8
1038	14928.3
1037.75	14829.8
1037.5	14788.3
1037.25	14818.5
1037	14789.5
1036.75	14810.3
1036.5	14877.3
1036.25	14866.5
1036	14798
1035.75	14751.8
1035.5	14758
1035.25	14735.5
1035	14717.5
1034.75	14734.3
1034.5	14734.5
1034.25	14636.8
1034	14514.5
1033.75	14498.3
1033.5	14508.5
1033.25	14550.5
1033	14628
1032.75	14622
1032.5	14536.3
1032.25	14549.3
1032	14653.5
1031.75	14606.5
1031.5	14449
1031.25	14397.8
1031	14435
1030.75	14459.5
1030.5	14499.3
1030.25	14514
1030	14448
1029.75	14365.5
1029.5	14325
1029.25	14327
1029	14316.8
1028.75	14379.8
1028.5	14447
1028.25	14380.8
1028	14420.3
1027.75	14535
1027.5	14530
1027.25	14530
1027	14557.5
1026.75	14527
1026.5	14475
1026.25	14511.5
1026	14561.8
1025.75	14524.5
1025.5	14451.8
1025.25	14423.8
1025	14425.5
1024.75	14380.3
1024.5	14411.5
1024.25	14520.8
1024	14550
1023.75	14550.5
1023.5	14556.3
1023.25	14460.5
1023	14344.8
1022.75	14345.3
1022.5	14347.3
1022.25	14280.8
1022	14261.8
1021.75	14274
1021.5	14240
1021.25	14166.5
1021	14060.8
1020.75	14038.3
1020.5	14076.8
1020.25	14066.3
1020	14083.8
1019.75	14119.8
1019.5	14139.5
1019.25	14145
1019	14159
1018.75	14110.3
1018.5	13961
1018.25	13897.5
1018	13853.3
1017.75	13883.3
1017.5	14035.3
1017.25	14037
1017	13951.5
1016.75	13971.8
1016.5	14010.3
1016.25	13984.8
1016	13946.3
1015.75	13883.3
1015.5	13884.8
1015.25	13885.3
1015	13784
1014.75	13803.8
1014.5	13935.5
1014.25	14016.3
1014	14052.5
1013.75	14075.5
1013.5	14079.3
1013.25	14019.5
1013	13971.3
1012.75	13943.3
1012.5	13883.3
1012.25	13919
1012	14017.8
1011.75	13993
1011.5	13974.8
1011.25	14056.5
1011	14038.5
1010.75	14050
1010.5	14153.5
1010.25	14174
1010	14157
1009.75	14169
1009.5	14237.8
1009.25	14296.8
1009	14336.5
1008.75	14395.3
1008.5	14356.3
1008.25	14308.5
1008	14355.3
1007.75	14372.8
1007.5	14368.5
1007.25	14388
1007	14449
1006.75	14509.5
1006.5	14517.3
1006.25	14509.5
1006	14434.8
1005.75	14343.5
1005.5	14367
1005.25	14424.8
1005	14366.8
1004.75	14257.3
1004.5	14194
1004.25	14133
1004	14071
1003.75	14037.5
1003.5	14046
1003.25	14117.3
1003	14138.5
1002.75	14017.3
1002.5	13901.5
1002.25	13877.3
1002	13868.8
1001.75	13787
1001.5	13693.8
1001.25	13721
1001	13801.8
1000.75	13716.3
1000.5	13533.8
1000.25	13539.8
1000	13615
999.75	13558
999.5	13465.5
999.25	13444.8
999	13442.8
998.75	13380.8
998.5	13328.3
998.25	13335
998	13302.3
997.75	13255.8
997.5	13317
997.25	13296.3
997	13206.8
996.75	13281
996.5	13362.8
996.25	13382.5
996	13370.8
995.75	13303.5
995.5	13305.5
995.25	13391.8
995	13400.3
994.75	13318.3
994.5	13267.3
994.25	13259
994	13260.8
993.75	13247.3
993.5	13198.8
993.25	13175.3
993	13192.8
992.75	13176.5
992.5	13150.5
992.25	13160.3
992	13152.5
991.75	13133.5
991.5	13206
991.25	13292.3
991	13293.5
990.75	13310.3
990.5	13336
990.25	13359.5
990	13347.8
989.75	13266
989.5	13249.3
989.25	13277
989	13291.3
988.75	13272.5
988.5	13209.8
988.25	13230.5
988	13224.3
987.75	13068.3
987.5	13011.3
987.25	13069.8
987	13024.3
986.75	12963.5
986.5	12969.8
986.25	12972
986	12921.3
985.75	12895
985.5	12895.8
985.25	12772.3
985	12699.3
984.75	12747.3
984.5	12748.3
984.25	12716.5
984	12697
983.75	12659.8
983.5	12590.8
983.25	12581.3
983	12578.5
982.75	12442.8
982.5	12333
982.25	12392.8
982	12436.3
981.75	12358.8
981.5	12324
981.25	12374
981	12351.5
980.75	12236
980.5	12093
980.25	12015.5
980	12023.5
979.75	11943
979.5	11814.3
979.25	11747.8
979	11757.5
978.75	11836.3
978.5	11853
978.25	11739.3
978	11640.3
977.75	11676.8
977.5	11722.8
977.25	11719.5
977	11655
976.75	11606.5
976.5	11608.8
976.25	11482.5
976	11379.8
975.75	11451.5
975.5	11494.3
975.25	11464
975	11450.8
974.75	11429.3
974.5	11408.8
974.25	11444
974	11465
973.75	11388.8
973.5	11353
973.25	11381.8
973	11417
972.75	11443.3
972.5	11412.8
972.25	11472.5
972	11558
971.75	11567.3
971.5	11597.5
971.25	11556
971	11504.5
970.75	11607
970.5	11728.3
970.25	11745.5
970	11743.8
969.75	11732
969.5	11722
969.25	11796.5
969	11847.8
968.75	11866.5
968.5	11972.3
968.25	12076.8
968	12107
967.75	12168.8
967.5	12317
967.25	12477
967	12552
966.75	12550.8
966.5	12573.5
966.25	12610.5
966	12606
965.75	12612.5
965.5	12652
965.25	12628.5
965	12598.3
964.75	12656.5
964.5	12635
964.25	12585
964	12622.3
963.75	12599.3
963.5	12566.5
963.25	12508.3
963	12390.5
962.75	12318.5
962.5	12174.3
962.25	11970
962	11793.8
961.75	11678.8
961.5	11719.5
961.25	11710.3
961	11551.8
960.75	11461.5
960.5	11387.8
960.25	11241.8
960	11118.5
959.75	11026
959.5	10950.8
959.25	10870.3
959	10683.8
958.75	10507.5
958.5	10500.3
958.25	10467.5
958	10350
957.75	10341.5
957.5	10372
957.25	10244.5
957	10109
956.75	10101.3
956.5	10092.3
956.25	10083.5
956	10081.5
955.75	10040.5
955.5	10050.3
955.25	10078
955	9994.75
954.75	9926.25
954.5	9914
954.25	9844.25
954	9810.5
953.75	9807.5
953.5	9739.75
953.25	9666.75
953	9636.75
952.75	9629.75
952.5	9635.25
952.25	9681.5
952	9719
951.75	9667
951.5	9613.25
951.25	9625.75
951	9647.25
950.75	9636.75
950.5	9613.25
950.25	9656
950	9685.25
949.75	9612.75
949.5	9560.75
949.25	9581.5
949	9623.5
948.75	9626
948.5	9536.75
948.25	9491
948	9548.75
947.75	9564.25
947.5	9572.5
947.25	9581.25
947	9564.25
946.75	9543
946.5	9514.5
946.25	9536.75
946	9552.5
945.75	9545.5
945.5	9552.75
945.25	9574.25
945	9584.25
944.75	9572
944.5	9615.75
944.25	9652
944	9686
943.75	9734
943.5	9664
943.25	9584.25
943	9574.5
942.75	9593
942.5	9668.25
942.25	9724.25
942	9671
941.75	9649.25
941.5	9701.5
941.25	9722.25
941	9720.25
940.75	9611.25
940.5	9537.5
940.25	9566.25
940	9509.5
939.75	9474
939.5	9556.25
939.25	9656
939	9625.25
938.75	9478.25
938.5	9427.25
938.25	9493
938	9490
937.75	9470.25
937.5	9459.75
937.25	9398.5
937	9450.75
936.75	9537
936.5	9520.75
936.25	9478.25
936	9438
935.75	9442.25
935.5	9469.25
935.25	9404.25
935	9285.75
934.75	9321
934.5	9460.75
934.25	9474.5
934	9409
933.75	9372.25
933.5	9331
933.25	9310.5
933	9312.5
932.75	9295.25
932.5	9320.5
932.25	9331.25
932	9281.25
931.75	9276
931.5	9318.25
931.25	9313
931	9248.5
930.75	9187.75
930.5	9168.75
930.25	9216.25
930	9211.75
929.75	9143
929.5	9129
929.25	9120.25
929	9087.5
928.75	9045.75
928.5	9059
928.25	9057.5
928	8953.5
927.75	8966.25
927.5	9097
927.25	9054.5
927	8919
926.75	8948.5
926.5	9018
926.25	9046.5
926	9075.75
925.75	9100.75
925.5	9133.5
925.25	9100.75
925	9058.75
924.75	9071.5
924.5	9060.75
924.25	9026.25
924	9043.75
923.75	9050.25
923.5	9001.25
923.25	8990.25
923	8988.5
922.75	8928.5
922.5	8860.25
922.25	8842.5
922	8920.5
921.75	9023.25
921.5	9023.75
921.25	8982
921	8996
920.75	9077.75
920.5	9106.75
920.25	9033.5
920	8956
919.75	8894
919.5	8937.75
919.25	9049.5
919	9096
918.75	9080.75
918.5	9011.75
918.25	8928.75
918	8898.25
917.75	8932.25
917.5	8984.75
917.25	8993
917	8959
916.75	8913.75
916.5	8898.25
916.25	8916.5
916	8850.5
915.75	8792.5
915.5	8834.5
915.25	8890.5
915	8928.5
914.75	8920.75
914.5	8922.25
914.25	8977.75
914	9050
913.75	8981.75
913.5	8804
913.25	8807.5
913	8901.25
912.75	8932.5
912.5	8924.5
912.25	8888.5
912	8894.25
911.75	8860.75
911.5	8833.5
911.25	8877.25
911	8853.75
910.75	8816.25
910.5	8855.5
910.25	8890.5
910	8868
909.75	8809
909.5	8758.25
909.25	8760.25
909	8809.75
908.75	8874
908.5	8877
908.25	8831.5
908	8793
907.75	8777.25
907.5	8800.25
907.25	8793
907	8783.75
906.75	8842
906.5	8881.75
906.25	8827.75
906	8790.5
905.75	8838.75
905.5	8870.75
905.25	8855.75
905	8806
904.75	8774.25
904.5	8757.75
904.25	8751.75
904	8826.25
903.75	8887.5
903.5	8887.75
903.25	8848.25
903	8815.25
902.75	8813.25
902.5	8779.25
902.25	8768.25
902	8768.25
901.75	8759.75
901.5	8769.5
901.25	8806.5
901	8843.5
900.75	8799.25
900.5	8704
900.25	8651.5
900	8736.25
899.75	8849
899.5	8865.5
899.25	8790.5
899	8645.75
898.75	8583.5
898.5	8675
898.25	8732.5
898	8668.25
897.75	8657.25
897.5	8684
897.25	8679.25
897	8740.25
896.75	8799
896.5	8799.25
896.25	8790.75
896	8740.5
895.75	8692.75
895.5	8683.75
895.25	8683
895	8742
894.75	8776.75
894.5	8731.25
894.25	8696.75
894	8645.5
893.75	8635
893.5	8669.75
893.25	8640.75
893	8604.75
892.75	8635.25
892.5	8673
892.25	8674.5
892	8714
891.75	8759.25
891.5	8705
891.25	8660.25
891	8733.25
890.75	8758.5
890.5	8661
890.25	8615.5
890	8689.75
889.75	8743
889.5	8660.75
889.25	8578.25
889	8623
888.75	8686.25
888.5	8697.25
888.25	8664.25
888	8570.25
887.75	8542
887.5	8606.5
887.25	8616.25
887	8610
886.75	8619.25
886.5	8603
886.25	8564.5
886	8539.25
885.75	8506.5
885.5	8491.75
885.25	8588
885	8669.5
884.75	8638.25
884.5	8567.75
884.25	8517.5
884	8492.75
883.75	8504.5
883.5	8562.75
883.25	8634.75
883	8653
882.75	8559
882.5	8498
882.25	8548.25
882	8633.75
881.75	8684
881.5	8642.5
881.25	8583.5
881	8551.5
880.75	8588.75
880.5	8654.25
880.25	8639.75
880	8559
879.75	8510.5
879.5	8559
879.25	8623.5
879	8608.75
878.75	8526.5
878.5	8493.25
878.25	8542.75
878	8577.75
877.75	8578.5
877.5	8563.5
877.25	8515.75
877	8498
876.75	8524.25
876.5	8545.25
876.25	8567.5
876	8614
875.75	8629.5
875.5	8582.75
875.25	8565.75
875	8577.25
874.75	8539.75
874.5	8482
874.25	8488
874	8468.5
873.75	8380
873.5	8385
873.25	8420.25
873	8359.5
872.75	8343.5
872.5	8403.75
872.25	8459.5
872	8510.5
871.75	8500.5
871.5	8496
871.25	8534.25
871	8532.75
870.75	8505.5
870.5	8459
870.25	8459
870	8492.5
869.75	8482.75
869.5	8470.25
869.25	8431
869	8364
868.75	8371.75
868.5	8462
868.25	8521.75
868	8460
867.75	8385.25
867.5	8389.5
867.25	8375
867	8359.5
866.75	8361
866.5	8353.75
866.25	8388.5
866	8425
865.75	8397.75
865.5	8324.75
865.25	8322.75
865	8385.25
864.75	8411.5
864.5	8380.5
864.25	8321.75
864	8371.5
863.75	8439.75
863.5	8409.25
863.25	8390
863	8398.75
862.75	8417.25
862.5	8426.75
862.25	8403.25
862	8374.25
861.75	8385.5
861.5	8370.25
861.25	8297.5
861	8267
860.75	8262.5
860.5	8281.25
860.25	8336.25
860	8362.75
859.75	8392.25
859.5	8411.5
859.25	8398.75
859	8364.5
858.75	8279.5
858.5	8241.75
858.25	8313.25
858	8355.75
857.75	8341.75
857.5	8323
857.25	8321
857	8381
856.75	8363.75
856.5	8304.75
856.25	8308.25
856	8323
855.75	8313.75
855.5	8324.75
855.25	8379.5
855	8408.5
854.75	8410.5
854.5	8354.75
854.25	8309.25
854	8277.5
853.75	8214.25
853.5	8238.25
853.25	8295
853	8240.75
852.75	8208.5
852.5	8291.75
852.25	8327.75
852	8248
851.75	8186.25
851.5	8237.75
851.25	8314.5
851	8315
850.75	8269.5
850.5	8255.5
850.25	8229.25
850	8199.25
849.75	8228.25
849.5	8244.5
849.25	8237.25
849	8234.5
848.75	8227
848.5	8243.25
848.25	8275.25
848	8323.25
847.75	8299
847.5	8227.5
847.25	8260.25
847	8254.5
846.75	8223.75
846.5	8235.5
846.25	8262.5
846	8323.75
845.75	8342
845.5	8310
845.25	8265.75
845	8240.75
844.75	8210
844.5	8207
844.25	8237.75
844	8142.5
843.75	8058.75
843.5	8156.75
843.25	8212.5
843	8219.75
842.75	8242.25
842.5	8189.5
842.25	8187.25
842	8287
841.75	8244.5
841.5	8115.75
841.25	8193.25
841	8303.5
840.75	8224.75
840.5	8134.75
840.25	8166
840	8193.25
839.75	8140
839.5	8095.25
839.25	8123.5
839	8158.25
838.75	8130.25
838.5	8080.75
838.25	8127.5
838	8223.75
837.75	8239.75
837.5	8214.5
837.25	8172.5
837	8141.25
836.75	8140.25
836.5	8090.5
836.25	8047
836	8062.75
835.75	8083.25
835.5	8131.25
835.25	8183.25
835	8197.75
834.75	8216.75
834.5	8246
834.25	8239.75
834	8202.25
833.75	8202.75
833.5	8183.5
833.25	8104.25
833	8127.25
832.75	8218
832.5	8201
832.25	8166.75
832	8229
831.75	8255.75
831.5	8143.5
831.25	8058.5
831	8084.25
830.75	8132
830.5	8193.25
830.25	8237.75
830	8215.25
829.75	8165
829.5	8172.25
829.25	8159.75
829	8099.25
828.75	8113.25
828.5	8148.25
828.25	8140.25
828	8120
827.75	8094.5
827.5	8107.5
827.25	8162.75
827	8182.5
826.75	8191
826.5	8219
826.25	8225.25
826	8195
825.75	8138
825.5	8087.75
825.25	8060.75
825	8047.25
824.75	8075.5
824.5	8139
824.25	8146.5
824	8128
823.75	8140.75
823.5	8133.5
823.25	8098.25
823	8081.75
822.75	8088
822.5	8098.25
822.25	8137
822	8135.5
821.75	8092.5
821.5	8127.5
821.25	8168.25
821	8222
820.75	8245.75
820.5	8161.25
820.25	8147.75
820	8178
819.75	8160.75
819.5	8154.5
819.25	8137
819	8100.5
818.75	8069.25
818.5	8030.25
818.25	8030.25
818	8023.5
817.75	7948.5
817.5	7918.5
817.25	8014
817	8129.25
816.75	8095.25
816.5	8004
816.25	8011.25
816	8069.75
815.75	8097.25
815.5	8106.25
815.25	8120.25
815	8081.5
814.75	8030.75
814.5	8054.25
814.25	8137.5
814	8199
813.75	8168.25
813.5	8096
813.25	8095.75
813	8115
812.75	8057.75
812.5	8024.5
812.25	8105.75
812	8186.5
811.75	8164.5
811.5	8162.5
811.25	8160.25
811	8065.75
810.75	8009.5
810.5	7997.25
810.25	8007
810	8075
809.75	8073.5
809.5	8043.75
809.25	8077.5
809	8094
808.75	8082.25
808.5	8039.25
808.25	8020.5
808	8049.75
807.75	8090.25
807.5	8085.75
807.25	8028
807	8025.25
806.75	8017
806.5	7997
806.25	8044.5
806	8069.5
805.75	8071.5
805.5	8113.75
805.25	8149.25
805	8153.25
804.75	8114.25
804.5	8061
804.25	8055
804	8040
803.75	8016.75
803.5	8033.5
803.25	8061.25
803	8085.25
802.75	8057
802.5	8016.25
802.25	8001
802	7956.5
801.75	7987.25
801.5	8058.75
801.25	8015.75
801	8004.5
800.75	8043
800.5	7971
800.25	7889.25
800	7907.5
799.75	7999
799.5	8072
799.25	8063.75
799	8035.75
798.75	8018.5
798.5	8022.75
798.25	8009.75
798	7941
797.75	7934.75
797.5	8012.25
797.25	8033.75
797	8030.5
796.75	8063
796.5	8049.75
796.25	8015.5
796	8022.75
795.75	8053.75
795.5	8094.25
795.25	8098.25
795	8082.75
794.75	8118.5
794.5	8089.5
794.25	8024.25
794	8062.5
793.75	8091
793.5	8054.75
793.25	8016.25
793	8014.5
792.75	8033.25
792.5	8038.75
792.25	8063.5
792	8122
791.75	8157
791.5	8117
791.25	8059.75
791	8030.25
790.75	8004.25
790.5	8008.5
790.25	8027.5
790	8039.5
789.75	8088.75
789.5	8136.5
789.25	8144.5
789	8113
788.75	8127.75
788.5	8223
788.25	8213.75
788	8119
787.75	8096
787.5	8110.5
787.25	8121.25
787	8168.25
786.75	8258
786.5	8321.25
786.25	8282.25
786	8213
785.75	8195.5
785.5	8220.25
785.25	8256.75
785	8238
784.75	8205.75
784.5	8279.5
784.25	8337.5
784	8277.75
783.75	8240.25
783.5	8243
783.25	8261.25
783	8254.5
782.75	8242.5
782.5	8275
782.25	8238.5
782	8158.5
781.75	8162.5
781.5	8223
781.25	8234.75
781	8171
780.75	8154.75
780.5	8219.5
780.25	8231.5
780	8192.75
779.75	8176
779.5	8172.25
779.25	8140.75
779	8060.75
778.75	8019.25
778.5	8031.5
778.25	7991.25
778	7931
777.75	7868.5
777.5	7820.75
777.25	7859.5
777	7943
776.75	8009.25
776.5	7996.75
776.25	7923.75
776	7926.75
775.75	8001.75
775.5	8000.75
775.25	7946.75
775	7991.25
774.75	8100.75
774.5	8112.25
774.25	8035
774	8057.75
773.75	8154.5
773.5	8157.75
773.25	8170.25
773	8225.75
772.75	8236.5
772.5	8289.75
772.25	8354
772	8380.25
771.75	8401
771.5	8419.75
771.25	8464.25
771	8448.5
770.75	8446
770.5	8531.75
770.25	8552.75
770	8541.75
769.75	8577.75
769.5	8644.25
769.25	8720.5
769	8707
768.75	8586.25
768.5	8558.25
768.25	8648
768	8669.25
767.75	8652.5
767.5	8637.75
767.25	8608.25
767	8571.75
766.75	8535
766.5	8497.75
766.25	8430.25
766	8414.25
765.75	8386
765.5	8271.25
765.25	8265
765	8392
764.75	8375.75
764.5	8235.5
764.25	8193.5
764	8141
763.75	8061.25
763.5	8047.25
763.25	8004.25
763	7980.25
762.75	8001.5
762.5	7946
762.25	7862
762	7869
761.75	7890
761.5	7854
761.25	7821.5
761	7755
760.75	7663.5
760.5	7603
760.25	7611.5
760	7675.5
759.75	7707.25
759.5	7635.5
759.25	7536.5
759	7583.5
758.75	7645.5
758.5	7593.25
758.25	7519.75
758	7481
757.75	7488
757.5	7513.75
757.25	7497.75
757	7428.25
756.75	7352
756.5	7322
756.25	7335.25
756	7418.75
755.75	7437.5
755.5	7292
755.25	7230.25
755	7270.75
754.75	7317
754.5	7406
754.25	7522.5
754	7565
753.75	7491.5
753.5	7445.25
753.25	7468.75
753	7498.75
752.75	7568
752.5	7681.75
752.25	7827.5
752	7919
751.75	7931.5
751.5	7960.75
751.25	8008
751	8095.5
750.75	8205
750.5	8319.25
750.25	8419.5
750	8452
749.75	8538
749.5	8750.5
749.25	8898.75
749	9025.75
748.75	9276.25
748.5	9498.5
748.25	9660.75
748	9821.5
747.75	9948.75
747.5	10030.5
747.25	10080
747	10115.5
746.75	10141.8
746.5	10177.8
746.25	10205.8
746	10210.3
745.75	10171
745.5	10050.8
745.25	9908
745	9818
744.75	9753.5
744.5	9599.25
744.25	9395.75
744	9239.5
743.75	9079.75
743.5	8877.25
743.25	8674.5
743	8526.25
742.75	8414
742.5	8324.75
742.25	8196.5
742	8034.75
741.75	7887.75
741.5	7761
741.25	7714
741	7654.25
740.75	7532.5
740.5	7430.75
740.25	7376.75
740	7315.25
739.75	7220.75
739.5	7135
739.25	7098.5
739	7076.25
738.75	6977.25
738.5	6877
738.25	6768
738	6601.75
737.75	6519.75
737.5	6493
737.25	6405.25
737	6291
736.75	6211.75
736.5	6176.75
736.25	6079.75
736	5971
735.75	5919
735.5	5824.5
735.25	5735.5
735	5661.25
734.75	5601
734.5	5597.25
734.25	5590.75
734	5555.75
733.75	5515.5
733.5	5494.75
733.25	5443.25
733	5353
732.75	5310.25
732.5	5351
732.25	5405.75
732	5324.5
731.75	5232.75
731.5	5285.75
731.25	5298.5
731	5256.75
730.75	5280.25
730.5	5311.25
730.25	5290.25
730	5226.5
729.75	5206.25
729.5	5248
729.25	5255.5
729	5232.5
728.75	5225.25
728.5	5225.75
728.25	5215.25
728	5212.75
727.75	5195.75
727.5	5182.25
727.25	5212.75
727	5218.75
726.75	5175.25
726.5	5101.75
726.25	5047.75
726	5073.25
725.75	5124
725.5	5107.5
725.25	5084.75
725	5065.25
724.75	5032.5
724.5	5045
724.25	5111.75
724	5163
723.75	5108
723.5	5090.5
723.25	5120
723	5066.25
722.75	5035.5
722.5	5031.5
722.25	5009.5
722	5043.25
721.75	5104.75
721.5	5087.75
721.25	5048
721	5061
720.75	5065.75
720.5	5063.25
720.25	5077.25
720	5079.25
719.75	5052.75
719.5	5040.25
719.25	5026.75
719	4945.25
718.75	4914.25
718.5	4969.25
718.25	4988.5
718	4995.75
717.75	5007.5
717.5	5011.75
717.25	5004.75
717	4985.75
716.75	4992
716.5	5016.75
716.25	5039
716	5026.25
715.75	5018
715.5	5060.75
715.25	5079.75
715	5061
714.75	5036.5
714.5	5029.75
714.25	5047.5
714	5072
713.75	5056.25
713.5	5016.5
713.25	5035.5
713	5078.25
712.75	5104
712.5	5069
712.25	5015
712	5001.25
711.75	5000
711.5	5008.75
711.25	4982
711	4914.5
710.75	4887.25
710.5	4948.5
710.25	5017
710	5040.5
709.75	5037.25
709.5	5013.5
709.25	4990.25
709	4945
708.75	4896.75
708.5	4920
708.25	4980
708	4960
707.75	4917.25
707.5	4931.5
707.25	4965.5
707	4963.25
706.75	4934
706.5	4928.75
706.25	4890.75
706	4878.25
705.75	4927.25
705.5	4903
705.25	4882.25
705	4923.5
704.75	4916
704.5	4886.5
704.25	4861.25
704	4884
703.75	4899.25
703.5	4849
703.25	4864.75
703	4909.75
702.75	4913.75
702.5	4894.25
702.25	4875
702	4866
701.75	4886
701.5	4930
701.25	4919.5
701	4877.75
700.75	4854.25
700.5	4867.75
700.25	4912.5
700	4917
699.75	4860.25
699.5	4828
699.25	4874.25
699	4866
698.75	4764.75
698.5	4776.25
698.25	4875
698	4903.75
697.75	4895.5
697.5	4863.75
697.25	4877
697	4944
696.75	4934
696.5	4882.5
696.25	4860.75
696	4846.5
695.75	4846.25
695.5	4866
695.25	4828.25
695	4760.5
694.75	4775
694.5	4807.25
694.25	4806
694	4862
693.75	4910.5
693.5	4874.5
693.25	4877.75
693	4931.5
692.75	4938.5
692.5	4878.25
692.25	4830.75
692	4829.75
691.75	4801.5
691.5	4746.5
691.25	4752.75
691	4815.25
690.75	4853.25
690.5	4881.5
690.25	4890.75
690	4857.5
689.75	4794
689.5	4743.25
689.25	4789.5
689	4870.5
688.75	4867
688.5	4800.25
688.25	4760
688	4789.25
687.75	4847.25
687.5	4859.25
687.25	4832.5
687	4850.25
686.75	4875.25
686.5	4848.75
686.25	4830.25
686	4850.5
685.75	4866.5
685.5	4827.25
685.25	4810
685	4818
684.75	4795.25
684.5	4806.75
684.25	4814.25
684	4764.75
683.75	4742.75
683.5	4769.25
683.25	4779
683	4783.5
682.75	4781.25
682.5	4789
682.25	4791
682	4789.75
681.75	4802.5
681.5	4783.25
681.25	4790.75
681	4800.75
680.75	4809.25
680.5	4833.5
680.25	4796.75
680	4743.75
679.75	4734
679.5	4740.75
679.25	4733
679	4734.5
678.75	4730.75
678.5	4707
678.25	4740.75
678	4803.25
677.75	4819.75
677.5	4818.5
677.25	4797.25
677	4768.75
676.75	4778.25
676.5	4771.25
676.25	4758
676	4778
675.75	4749.5
675.5	4713
675.25	4754.75
675	4780.5
674.75	4757.25
674.5	4745.5
674.25	4740.75
674	4761
673.75	4795
673.5	4793.75
673.25	4761.25
673	4756.75
672.75	4768.25
672.5	4768.5
672.25	4804.5
672	4789.5
671.75	4723
671.5	4744.75
671.25	4785.5
671	4783.5
670.75	4813
670.5	4834
670.25	4793.5
670	4739
669.75	4718.5
669.5	4715.75
669.25	4719.5
669	4724
668.75	4727.25
668.5	4753.25
668.25	4756.25
668	4731.5
667.75	4732
667.5	4739.5
667.25	4711
667	4677.75
666.75	4697
666.5	4725
666.25	4711.5
666	4670.75
665.75	4660.5
665.5	4695
665.25	4716.25
665	4706.25
664.75	4679.25
664.5	4722.25
664.25	4805.75
664	4780.75
663.75	4697.5
663.5	4659
663.25	4683.5
663	4716.75
662.75	4670.25
662.5	4648
662.25	4706
662	4735.25
661.75	4732
661.5	4698.25
661.25	4689.75
661	4744.75
660.75	4766
660.5	4736.5
660.25	4688.5
660	4647.75
659.75	4645.25
659.5	4654.5
659.25	4688.25
659	4733.5
658.75	4712.25
658.5	4685.75
658.25	4697.75
658	4698.5
657.75	4687.25
657.5	4689.25
657.25	4718.25
657	4726.5
656.75	4700.25
656.5	4669
656.25	4659.25
656	4705.5
655.75	4725.25
655.5	4644
655.25	4590.25
655	4621.5
654.75	4622
654.5	4611.5
654.25	4638.25
654	4661
653.75	4673.5
653.5	4699.75
653.25	4700.75
653	4635.5
652.75	4603.5
652.5	4659.25
652.25	4684.75
652	4625.75
651.75	4604.5
651.5	4653
651.25	4689.5
651	4652.75
650.75	4603.25
650.5	4637.25
650.25	4656.25
650	4606.5
649.75	4550.5
649.5	4561.75
649.25	4634.75
649	4641.75
648.75	4600.25
648.5	4586
648.25	4576
648	4589.5
647.75	4643.5
647.5	4650.25
647.25	4616.75
647	4649.75
646.75	4640.25
646.5	4581.5
646.25	4579.5
646	4577.5
645.75	4587.75
645.5	4613.25
645.25	4608
645	4613
644.75	4671.75
644.5	4688.75
644.25	4666.5
644	4668.25
643.75	4661
643.5	4614.25
643.25	4549.5
643	4572.75
642.75	4619.75
642.5	4582.5
642.25	4537.75
642	4580
641.75	4667.5
641.5	4702.5
641.25	4712.25
641	4678.5
640.75	4589.25
640.5	4542.5
640.25	4562.75
640	4607.25
639.75	4617.5
639.5	4616
639.25	4638.5
639	4669.5
638.75	4685
638.5	4641.75
638.25	4593.75
638	4591
637.75	4593.25
637.5	4602.5
637.25	4634
637	4642.25
636.75	4591
636.5	4533
636.25	4529.25
636	4561.5
635.75	4600.75
635.5	4630
635.25	4597.25
635	4540.25
634.75	4518
634.5	4528.25
634.25	4572.25
634	4610.75
633.75	4602
633.5	4575.25
633.25	4584.25
633	4584.25
632.75	4518
632.5	4474.75
632.25	4522.5
632	4544.25
631.75	4489
631.5	4496.75
631.25	4566.75
631	4549.5
630.75	4524.75
630.5	4544.75
630.25	4551.5
630	4579.25
629.75	4563.25
629.5	4535.25
629.25	4583
629	4613.5
628.75	4582
628.5	4540
628.25	4498.75
628	4499
627.75	4568.5
627.5	4615.5
627.25	4618
627	4593.25
626.75	4548.5
626.5	4532.5
626.25	4543.5
626	4572.5
625.75	4624.75
625.5	4649.5
625.25	4586.25
625	4557.25
624.75	4600.75
624.5	4612
624.25	4619
624	4585
623.75	4512.75
623.5	4499
623.25	4506.75
623	4509.5
622.75	4512.75
622.5	4510.25
622.25	4529.25
622	4559
621.75	4556.75
621.5	4540.25
621.25	4540.25
621	4538.5
620.75	4558.5
620.5	4569
620.25	4550
620	4558
619.75	4566.25
619.5	4541.75
619.25	4528.25
619	4562.5
618.75	4605.75
618.5	4593
618.25	4520.5
618	4465.5
617.75	4507.5
617.5	4565.25
617.25	4546.5
617	4509.75
616.75	4469.5
616.5	4462
616.25	4520.25
616	4545
615.75	4550.25
615.5	4594.5
615.25	4619.75
615	4582.25
614.75	4528.5
614.5	4560.75
614.25	4618.75
614	4630
613.75	4637.25
613.5	4611.25
613.25	4555.75
613	4567.25
612.75	4586.5
612.5	4514.5
612.25	4499.25
612	4527.5
611.75	4489.75
611.5	4451.5
611.25	4433.75
611	4472.5
610.75	4515.25
610.5	4531.75
610.25	4576.25
610	4588.75
609.75	4566.25
609.5	4541.75
609.25	4530.75
609	4504.25
608.75	4462
608.5	4472.25
608.25	4522.25
608	4552.25
607.75	4551
607.5	4551
607.25	4531.5
607	4483
606.75	4433.25
606.5	4428.75
606.25	4468
606	4475.75
605.75	4477.25
605.5	4505.75
605.25	4514
605	4513.5
604.75	4540.5
604.5	4576.75
604.25	4593.5
604	4595
603.75	4567
603.5	4515
603.25	4463.5
603	4454
602.75	4447.5
602.5	4400.5
602.25	4424.25
602	4507.75
601.75	4526
601.5	4451.25
601.25	4386.75
601	4419.75
600.75	4476.25
600.5	4455.5
600.25	4438.25
600	4487.5
599.75	4508.5
599.5	4506.75
599.25	4528.75
599	4490.25
598.75	4420
598.5	4450.25
598.25	4481.5
598	4433.5
597.75	4410.75
597.5	4422.75
597.25	4458.5
597	4474.5
596.75	4430.5
596.5	4451.25
596.25	4497.75
596	4486
595.75	4462.25
595.5	4415.25
595.25	4397
595	4408.75
594.75	4388.75
594.5	4378.25
594.25	4412
594	4456.75
593.75	4453.75
593.5	4410.5
593.25	4392.25
593	4391.25
592.75	4423.5
592.5	4493.5
592.25	4512
592	4483.25
591.75	4450
591.5	4412.75
591.25	4418.25
591	4466
590.75	4449.75
590.5	4394.75
590.25	4390.5
590	4408.25
589.75	4455.25
589.5	4464.25
589.25	4387.5
589	4347.5
588.75	4354.75
588.5	4369.5
588.25	4413.75
588	4455
587.75	4453
587.5	4460.5
587.25	4446.25
587	4366.75
586.75	4352
586.5	4411.75
586.25	4421.75
586	4369.5
585.75	4334
585.5	4377.5
585.25	4406.5
585	4382.5
584.75	4389.75
584.5	4413.25
584.25	4432.75
584	4396.75
583.75	4359.5
583.5	4415.25
583.25	4462.75
583	4418.25
582.75	4348
582.5	4336
582.25	4387
582	4464.25
581.75	4471
581.5	4380.25
581.25	4318.25
581	4301.5
580.75	4290.5
580.5	4309.25
580.25	4323.25
580	4343.25
579.75	4376.25
579.5	4359.75
579.25	4353
579	4385.25
578.75	4363
578.5	4315.25
578.25	4315.25
578	4346.25
577.75	4349.25
577.5	4337
577.25	4333.25
577	4322.75
576.75	4348
576.5	4386.75
576.25	4356.25
576	4295
575.75	4303.25
575.5	4328.5
575.25	4303.5
575	4292
574.75	4291.25
574.5	4292
574.25	4315
574	4360.5
573.75	4425
573.5	4442.5
573.25	4425.5
573	4406.75
572.75	4359.5
572.5	4319.25
572.25	4314.5
572	4348.5
571.75	4371.75
571.5	4374
571.25	4398.25
571	4398.25
570.75	4386.75
570.5	4420.75
570.25	4461
570	4440.25
569.75	4415.75
569.5	4464
569.25	4513.5
569	4510.75
568.75	4484
568.5	4453.25
568.25	4445
568	4476.75
567.75	4488.75
567.5	4452.75
567.25	4412
567	4378
566.75	4371.75
566.5	4374
566.25	4361.75
566	4338.5
565.75	4334.75
565.5	4337.5
565.25	4310.25
565	4333.25
564.75	4358.25
564.5	4318.5
564.25	4269
564	4229.5
563.75	4228.75
563.5	4267.25
563.25	4273
563	4226.25
562.75	4230
562.5	4284.5
562.25	4281.5
562	4250.25
561.75	4257.75
561.5	4280.75
561.25	4319
561	4352
560.75	4306.5
560.5	4242.25
560.25	4267.25
560	4313.75
559.75	4302.25
559.5	4306.5
559.25	4331
559	4335.75
558.75	4335.75
558.5	4347.5
558.25	4385.5
558	4403.25
557.75	4404.5
557.5	4435.5
557.25	4454.25
557	4473.25
556.75	4498.25
556.5	4479.5
556.25	4498.75
556	4585.25
555.75	4596.25
555.5	4510.5
555.25	4448
555	4454
554.75	4496.75
554.5	4493
554.25	4452
554	4471.25
553.75	4499.75
553.5	4488.25
553.25	4443.25
553	4386
552.75	4391.5
552.5	4384.75
552.25	4339
552	4349.75
551.75	4354.75
551.5	4309.5
551.25	4260.5
551	4214.25
550.75	4194.75
550.5	4189
550.25	4149
550	4142
549.75	4198.75
549.5	4213
549.25	4158.75
549	4080.5
548.75	4030.25
548.5	3992
548.25	3942.5
548	3963.75
547.75	3989.25
547.5	3970.25
547.25	3966.25
547	3975.5
546.75	3992.25
546.5	3958.25
546.25	3900.75
546	3882.5
545.75	3875.5
545.5	3861
545.25	3841
545	3829.5
544.75	3805.5
544.5	3737.5
544.25	3637.5
544	3577.25
543.75	3602.25
543.5	3634.25
543.25	3612.5
543	3575
542.75	3573.75
542.5	3578.25
542.25	3520.25
542	3444
541.75	3403.25
541.5	3361.5
541.25	3305.5
541	3260.25
540.75	3223.5
540.5	3189.5
540.25	3158.75
540	3136.25
539.75	3114.25
539.5	3090.25
539.25	3072.75
539	3055.25
538.75	3043.5
538.5	3017.75
538.25	3004.5
538	3038.5
537.75	3065.5
537.5	3072.75
537.25	3084.25
537	3079.5
536.75	3096
536.5	3187.5
536.25	3303
536	3351
535.75	3353.75
535.5	3459
535.25	3690.25
535	3915.25
534.75	4144.25
534.5	4482.75
534.25	4856.25
534	5304.25
533.75	5970.75
533.5	6748.25
533.25	7604.25
533	8649
532.75	9772.75
532.5	10694.8
532.25	11422.5
532	11967.3
531.75	12016.5
531.5	11643.3
531.25	10929.3
531	9833.25
530.75	8619
530.5	7413
530.25	6381
530	5581.25
529.75	4898
529.5	4377.25
529.25	4002.5
529	3789.5
528.75	3718.25
528.5	3622.5
528.25	3518
528	3452
527.75	3410.75
527.5	3435.75
527.25	3422.5
527	3374.5
526.75	3374.75
526.5	3349
526.25	3319.5
526	3335.75
525.75	3381
525.5	3415.75
525.25	3401.75
525	3376
524.75	3408.25
524.5	3463.25
524.25	3515.75
524	3585.75
523.75	3615
523.5	3632
523.25	3680.5
523	3714
522.75	3693.25
522.5	3614.25
522.25	3550.75
522	3506.75
521.75	3403.25
521.5	3295.25
521.25	3237.25
521	3159.5
520.75	3038.75
520.5	2952.25
520.25	2887
520	2827
519.75	2806.25
519.5	2755.75
519.25	2705
519	2718.75
518.75	2711
518.5	2667.75
518.25	2654.75
518	2642.5
517.75	2642.5
517.5	2648.75
517.25	2632.25
517	2626.75
516.75	2629.25
516.5	2614.75
516.25	2575.5
516	2542.25
515.75	2545.75
515.5	2616.75
515.25	2664.75
515	2624.25
514.75	2631.75
514.5	2662.25
514.25	2625.75
514	2597
513.75	2575.25
513.5	2533.5
513.25	2531.5
513	2577.5
512.75	2615.75
512.5	2634.25
512.25	2621
512	2588.75
511.75	2563.25
511.5	2558.5
511.25	2575
511	2560.5
510.75	2530.5
510.5	2517.25
510.25	2520.5
510	2528.5
509.75	2523.25
509.5	2509
509.25	2511
509	2525.25
508.75	2537.75
508.5	2541.75
508.25	2541
508	2525.75
507.75	2495.75
507.5	2504
507.25	2528
507	2534.75
506.75	2536.5
506.5	2539.5
506.25	2518
506	2481.75
505.75	2466
505.5	2467
505.25	2497.75
505	2518.75
504.75	2514.25
504.5	2533.25
504.25	2540.5
504	2502
503.75	2479
503.5	2496
503.25	2505.25
503	2482.5
502.75	2457.25
502.5	2478.75
502.25	2539
502	2546
501.75	2504.5
501.5	2506
501.25	2514.5
501	2500
500.75	2501.5
500.5	2488
500.25	2439
500	2422
499.75	2445
499.5	2467
499.25	2482
499	2473
498.75	2467.5
498.5	2482.75
498.25	2499.25
498	2512
497.75	2489
497.5	2441
497.25	2438.75
497	2487.5
496.75	2500.25
496.5	2469.25
496.25	2456.75
496	2465.75
495.75	2452.25
495.5	2415
495.25	2422.75
495	2464
494.75	2478.25
494.5	2483
494.25	2493.25
494	2480.25
493.75	2450.25
493.5	2423.25
493.25	2413.5
493	2437.25
492.75	2470
492.5	2480.75
492.25	2489
492	2480
491.75	2444.5
491.5	2435.25
491.25	2447
491	2481
490.75	2510
490.5	2478
490.25	2424
490	2406.75
489.75	2472
489.5	2511.5
489.25	2460.75
489	2439.75
488.75	2447
488.5	2474.75
488.25	2505.5
488	2479.25
487.75	2447.75
487.5	2454.5
487.25	2481.5
487	2506.5
486.75	2527.5
486.5	2537.25
486.25	2536.25
486	2543.25
485.75	2536.25
485.5	2506.5
485.25	2516.25
485	2559.75
484.75	2563.75
484.5	2535.5
484.25	2503
484	2475
483.75	2469.5
483.5	2528.5
483.25	2546.5
483	2483
482.75	2500.25
482.5	2540
482.25	2516
482	2476.75
481.75	2454.5
481.5	2481.25
481.25	2507.25
481	2486.25
480.75	2447.5
480.5	2414.5
480.25	2427.5
480	2455.75
479.75	2452
479.5	2457.5
479.25	2463.75
479	2458.25
478.75	2478
478.5	2484
478.25	2470.25
478	2452.5
477.75	2416.5
477.5	2405.5
477.25	2434.5
477	2476
476.75	2471.5
476.5	2447.5
476.25	2448.75
476	2454
475.75	2457.75
475.5	2463.25
475.25	2474.5
475	2484.25
474.75	2501.5
474.5	2494
474.25	2501.5
474	2518.75
473.75	2478
473.5	2457
473.25	2446.75
473	2447.75
472.75	2458.75
472.5	2436.25
472.25	2451.25
472	2466.75
471.75	2443.5
471.5	2423
471.25	2405.75
471	2394
470.75	2383.25
470.5	2389.25
470.25	2407
470	2404.25
469.75	2409.25
469.5	2419.25
469.25	2409.5
469	2433.25
468.75	2470.75
468.5	2444
468.25	2370.5
468	2322.25
467.75	2341.25
467.5	2388.25
467.25	2407.75
467	2409.5
466.75	2400.75
466.5	2400.75
466.25	2429.75
466	2439.5
465.75	2431
465.5	2415.5
465.25	2389.25
465	2386.75
464.75	2401.75
464.5	2400.5
464.25	2394.5
464	2420
463.75	2465.5
463.5	2480.75
463.25	2475.5
463	2473.25
462.75	2459.5
462.5	2448.5
462.25	2432.25
462	2419.25
461.75	2451.75
461.5	2489.25
461.25	2498
461	2503.25
460.75	2484.25
460.5	2432.5
460.25	2404.75
460	2428.75
459.75	2453.75
459.5	2446.75
459.25	2412
459	2399
458.75	2414.75
458.5	2393
458.25	2383.5
458	2371.25
457.75	2324.25
457.5	2344.75
457.25	2402.75
457	2435.25
456.75	2450.25
456.5	2447
456.25	2414.75
456	2370.75
455.75	2374.75
455.5	2393.25
455.25	2407.5
455	2433.75
454.75	2432.5
454.5	2424.25
454.25	2441
454	2435.5
453.75	2408
453.5	2398.25
453.25	2401.25
453	2403
452.75	2406.75
452.5	2403.25
452.25	2367
452	2342.25
451.75	2348.75
451.5	2370.75
451.25	2387
451	2382
450.75	2378.25
450.5	2365
450.25	2354
450	2365.75
449.75	2377
449.5	2404
449.25	2418.25
449	2384
448.75	2386.5
448.5	2398.5
448.25	2385
448	2390
447.75	2408
447.5	2432.75
447.25	2411.25
447	2386.25
446.75	2435.5
446.5	2465.5
446.25	2417.25
446	2374
445.75	2392.75
445.5	2407
445.25	2399.75
445	2413
444.75	2395
444.5	2376.5
444.25	2405.75
444	2410
443.75	2392.5
443.5	2421
443.25	2471.75
443	2500.5
442.75	2505.5
442.5	2543.25
442.25	2600.75
442	2620
441.75	2660
441.5	2718
441.25	2774.25
441	2845.75
440.75	2898
440.5	2952.5
440.25	3031.5
440	3084.5
439.75	3099.75
439.5	3139.75
439.25	3163
439	3098.75
438.75	3009.25
438.5	2950.75
438.25	2909.5
438	2834.75
437.75	2758.5
437.5	2699
437.25	2623
437	2553.25
436.75	2518.25
436.5	2489.75
436.25	2439.75
436	2407.75
435.75	2386.25
435.5	2365.5
435.25	2365.25
435	2365.75
434.75	2361.5
434.5	2364.25
434.25	2359.75
434	2325.75
433.75	2322
433.5	2344.5
433.25	2298.5
433	2272
432.75	2304.25
432.5	2318.25
432.25	2320.25
432	2321.5
431.75	2336.75
431.5	2347.25
431.25	2346.25
431	2361.5
430.75	2360.5
430.5	2344
430.25	2340.25
430	2328.75
429.75	2299.75
429.5	2313.25
429.25	2368.25
429	2345.75
428.75	2257
428.5	2217.75
428.25	2264.75
428	2287.75
427.75	2228
427.5	2194.25
427.25	2196.25
427	2178.75
426.75	2183
426.5	2208
426.25	2182.25
426	2147.25
425.75	2180
425.5	2223.5
425.25	2199.75
425	2169.25
424.75	2166.75
424.5	2166
424.25	2184.5
424	2178.75
423.75	2164
423.5	2183.25
423.25	2208.75
423	2203.5
422.75	2168.75
422.5	2173.75
422.25	2190.5
422	2187.5
421.75	2184.25
421.5	2178
421.25	2166
421	2137.5
420.75	2134.5
420.5	2175.75
420.25	2215.75
420	2218.5
419.75	2191.75
419.5	2161.75
419.25	2145
419	2166.75
418.75	2207.25
418.5	2188.25
418.25	2154
418	2153.25
417.75	2148.75
417.5	2152
417.25	2138.5
417	2138.5
416.75	2158.75
416.5	2121.25
416.25	2087.75
416	2122.5
415.75	2174.25
415.5	2192.5
415.25	2168.5
415	2144.75
414.75	2152
414.5	2136.75
414.25	2099.75
414	2095.5
413.75	2114.5
413.5	2134.5
413.25	2135.5
413	2117.75
412.75	2110
412.5	2109.5
412.25	2095.5
412	2098.25
411.75	2107
411.5	2085.75
411.25	2057
411	2069.25
410.75	2136
410.5	2157.5
410.25	2123
410	2124.25
409.75	2150.5
409.5	2180.75
409.25	2188.25
409	2154.25
408.75	2138.5
408.5	2151.25
408.25	2146.75
408	2125
407.75	2101.25
407.5	2119
407.25	2174.75
407	2188.75
406.75	2152.25
406.5	2107.25
406.25	2104.25
406	2126.25
405.75	2117
405.5	2103.5
405.25	2095.25
405	2062.5
404.75	2065
404.5	2116.75
404.25	2129.25
404	2129
403.75	2139.75
403.5	2137.75
403.25	2165.5
403	2178.25
402.75	2149
402.5	2148.75
402.25	2178.5
402	2186
401.75	2159.5
401.5	2133
401.25	2130.75
401	2158
400.75	2174.25
400.5	2148
400.25	2140.25
400	2164
399.75	2158.5
399.5	2163.5
399.25	2205.75
399	2193.25
398.75	2160
398.5	2174.75
398.25	2179
398	2182.25
397.75	2181.5
397.5	2148.5
397.25	2157.25
397	2172
396.75	2154
396.5	2161.25
396.25	2157.75
396	2150.5
395.75	2161
395.5	2132.5
395.25	2111
395	2133.75
394.75	2130.25
394.5	2097.25
394.25	2088.5
394	2112.25
393.75	2133.5
393.5	2126.25
393.25	2093.75
393	2097.5
392.75	2129.5
392.5	2134.25
392.25	2148
392	2153.5
391.75	2118
391.5	2124
391.25	2172.5
391	2149.5
390.75	2098.25
390.5	2105.25
390.25	2114.25
390	2083.5
389.75	2084.5
389.5	2125
389.25	2131.75
389	2119.5
388.75	2110.75
388.5	2102.25
388.25	2104
388	2123.75
387.75	2133.75
387.5	2132
387.25	2156.75
387	2168.25
386.75	2148.5
386.5	2129.5
386.25	2104.75
386	2091.5
385.75	2112.5
385.5	2140.75
385.25	2166.75
385	2164
384.75	2128
384.5	2119.75
384.25	2144.5
384	2160.75
383.75	2160.75
383.5	2172.75
383.25	2185.75
383	2176.25
382.75	2142
382.5	2119.5
382.25	2120.5
382	2100.5
381.75	2075.75
381.5	2064.75
381.25	2099
381	2155.75
380.75	2146
380.5	2108
380.25	2113.25
380	2130.5
379.75	2121.75
379.5	2110.5
379.25	2107.75
379	2113.75
378.75	2139.5
378.5	2148.75
378.25	2123.5
378	2134.25
377.75	2175
377.5	2163
377.25	2139.75
377	2137.75
376.75	2095.25
376.5	2054.5
376.25	2064
376	2055.5
375.75	2037.5
375.5	2046.5
375.25	2043.25
375	2026
374.75	2006.75
374.5	2023.5
374.25	2066.75
374	2060.5
373.75	2045.5
373.5	2045.5
373.25	2039.75
373	2057.5
372.75	2066.5
372.5	2047
372.25	2052.5
372	2068.25
371.75	2057
371.5	2064.5
371.25	2064.5
371	2038.25
370.75	2047.25
370.5	2069.75
370.25	2068.75
370	2049.75
369.75	2038.75
369.5	2035.5
369.25	2054.25
369	2095.25
368.75	2072.5
368.5	2037.25
368.25	2050.75
368	2047.5
367.75	2054.75
367.5	2057.25
367.25	2012.75
367	1969
366.75	1936.25
366.5	1963.5
366.25	2031.25
366	2035.25
365.75	1999.75
365.5	1970.5
365.25	1972
365	2012.25
364.75	2025
364.5	1986.5
364.25	1969.75
364	1973.25
363.75	1971.5
363.5	2002.25
363.25	2028.25
363	2009.75
362.75	1984
362.5	1995
362.25	2022
362	2007
361.75	1970
361.5	1943.75
361.25	1935.5
361	1956.5
360.75	1966.75
360.5	1959.5
360.25	1973.75
360	2009.25
359.75	1999.25
359.5	1934.75
359.25	1920
359	1969.75
358.75	2008
358.5	1980
358.25	1940.25
358	1939.25
357.75	1923.25
357.5	1910
357.25	1887.5
357	1835.5
356.75	1844
356.5	1873
356.25	1865.25
356	1878
355.75	1898.5
355.5	1872.25
355.25	1833.5
355	1834.5
354.75	1830
354.5	1806.5
354.25	1813.25
354	1854.75
353.75	1883
353.5	1916
353.25	1995.25
353	2077.25
352.75	2195.25
352.5	2373.25
352.25	2546.25
352	2704
351.75	2902.75
351.5	3153.25
351.25	3335
351	3397.5
350.75	3392.5
350.5	3329.25
350.25	3206
350	3032
349.75	2856
349.5	2793.5
349.25	2898
349	3097.25
348.75	3372.25
348.5	3737.25
348.25	4161.25
348	4587.25
347.75	4896.75
347.5	5028.75
347.25	4974.5
347	4698
346.75	4219.25
346.5	3702.75
346.25	3305
346	2965.25
345.75	2621.75
345.5	2316.25
345.25	2086
345	1931.5
344.75	1827.25
344.5	1776.5
344.25	1742.75
344	1696
343.75	1671
343.5	1666.5
343.25	1659.75
343	1679
342.75	1702.75
342.5	1678.75
342.25	1674
342	1705
341.75	1698.5
341.5	1658.75
341.25	1637
341	1643
340.75	1653.5
340.5	1675
340.25	1701
340	1719
339.75	1730.75
339.5	1732.25
339.25	1738.25
339	1773.5
338.75	1795.75
338.5	1759
338.25	1703
338	1679.5
337.75	1678.5
337.5	1651.5
337.25	1623.25
337	1617.75
336.75	1583.5
336.5	1534.25
336.25	1495.75
336	1442.5
335.75	1416
335.5	1419
335.25	1420
335	1416.5
334.75	1416.5
334.5	1416.5
334.25	1398.75
334	1394.5
333.75	1413.25
333.5	1422
333.25	1397.25
333	1375.25
332.75	1374.25
332.5	1372.25
332.25	1381.25
332	1403.25
331.75	1426.75
331.5	1430.5
331.25	1434.5
331	1468.25
330.75	1462.5
330.5	1418.5
330.25	1400.75
330	1400.25
329.75	1410.25
329.5	1401.25
329.25	1383.5
329	1370
328.75	1343
328.5	1356.25
328.25	1374.25
328	1362.25
327.75	1362
327.5	1362
327.25	1351.75
327	1351.5
326.75	1356.5
326.5	1352
326.25	1346.75
326	1343
325.75	1352.75
325.5	1359.5
325.25	1350
325	1360.75
324.75	1374.25
324.5	1351
324.25	1340.5
324	1349.25
323.75	1338
323.5	1354
323.25	1362
323	1318.5
322.75	1316
322.5	1342.75
322.25	1328.25
322	1314.75
321.75	1326.25
321.5	1340
321.25	1367.25
321	1376.75
320.75	1357.25
320.5	1353.75
320.25	1350.25
320	1323.75
319.75	1309
319.5	1314.25
319.25	1330.75
319	1355.25
318.75	1354.25
318.5	1328.25
318.25	1320
318	1330.75
317.75	1325
317.5	1331.25
317.25	1326
317	1292.25
316.75	1283.25
316.5	1299.25
316.25	1306.5
316	1291.25
315.75	1318.5
315.5	1370.75
315.25	1357.75
315	1320.25
314.75	1316.25
314.5	1329.25
314.25	1350.75
314	1351.75
313.75	1320.75
313.5	1303.25
313.25	1297.5
313	1298.75
312.75	1315.75
312.5	1325.5
312.25	1336
312	1337
311.75	1320
311.5	1315
311.25	1337
311	1353.75
310.75	1319
310.5	1296.25
310.25	1323.25
310	1319.25
309.75	1276.5
309.5	1267.75
309.25	1301.5
309	1322.5
308.75	1309.5
308.5	1306.25
308.25	1318.5
308	1311.75
307.75	1301.75
307.5	1311.5
307.25	1305.75
307	1298.25
306.75	1323
306.5	1324.75
306.25	1326.75
306	1345.75
305.75	1342.75
305.5	1350
305.25	1368.5
305	1382.75
304.75	1393
304.5	1383.25
304.25	1364.5
304	1360
303.75	1371.25
303.5	1383.25
303.25	1363.75
303	1351
302.75	1391.5
302.5	1420.75
302.25	1413.25
302	1390.5
301.75	1363.75
301.5	1369.75
301.25	1378.5
301	1353.25
300.75	1344.25
300.5	1349.75
300.25	1333.75
300	1311.75
299.75	1298.25
299.5	1306.75
299.25	1336.5
299	1380.5
298.75	1412.5
298.5	1401.75
298.25	1389.75
298	1395
297.75	1396
297.5	1407.25
297.25	1417.5
297	1422
296.75	1456.75
296.5	1498.25
296.25	1509.5
296	1515.5
295.75	1518.75
295.5	1503.5
295.25	1491.25
295	1478.75
294.75	1473
294.5	1497.5
294.25	1524.25
294	1549.5
293.75	1579.25
293.5	1587.75
293.25	1582
293	1578
292.75	1562.5
292.5	1525.5
292.25	1471.5
292	1408
291.75	1351
291.5	1320.75
291.25	1296.75
291	1258.75
290.75	1228.5
290.5	1221
290.25	1224.75
290	1233.5
289.75	1245.25
289.5	1244.25
289.25	1245
289	1227.5
288.75	1187.75
288.5	1192.5
288.25	1213.5
288	1187.25
287.75	1162.25
287.5	1172
287.25	1181.25
287	1205.5
286.75	1265.5
286.5	1318
286.25	1340
286	1361.5
285.75	1417.25
285.5	1473.5
285.25	1474.75
285	1493.25
284.75	1533.75
284.5	1513
284.25	1475.25
284	1468.75
283.75	1471
283.5	1453
283.25	1407
283	1359
282.75	1354.25
282.5	1397.5
282.25	1423
282	1404.75
281.75	1416.5
281.5	1451.5
281.25	1476.25
281	1524.75
280.75	1560
280.5	1560
280.25	1565.75
280	1586.5
279.75	1621.75
279.5	1661.75
279.25	1667.25
279	1652
278.75	1651.75
278.5	1635
278.25	1607.5
278	1596
277.75	1535.75
277.5	1441.25
277.25	1371.5
277	1295.25
276.75	1202
276.5	1117.5
276.25	1067
276	1038.5
275.75	1029.25
275.5	1035.75
275.25	1046.75
275	1042
274.75	1010
274.5	1013.25
274.25	1010.5
274	984.5
273.75	1010.5
273.5	1030.5
273.25	1005.5
273	991.25
272.75	1008
272.5	1020.25
272.25	1004.25
272	1007
271.75	1030.5
271.5	1016.75
271.25	1003
271	1023.5
270.75	1020.75
270.5	992
270.25	1003.25
270	1040.25
269.75	1046.25
269.5	1041
269.25	1053.25
269	1067.25
268.75	1068.25
268.5	1063
268.25	1061
268	1066.75
267.75	1073.5
267.5	1069.5
267.25	1076.75
267	1108
266.75	1129
266.5	1134.25
266.25	1141.75
266	1138
265.75	1139.25
265.5	1187.75
265.25	1238.25
265	1260
264.75	1297.75
264.5	1341.5
264.25	1357.75
264	1341
263.75	1314
263.5	1293.25
263.25	1263
263	1216
262.75	1174
262.5	1142.25
262.25	1086.75
262	1024.75
261.75	981.75
261.5	955
261.25	947.5
261	949.25
260.75	940
260.5	912.5
260.25	895.75
260	896.5
259.75	890
259.5	872.25
259.25	856.25
259	861.25
258.75	874.75
258.5	863.75
258.25	855
258	863.25
257.75	856.75
257.5	849.5
257.25	845.75
257	834.25
256.75	826.25
256.5	809.5
256.25	800.75
256	822
255.75	851
255.5	875
255.25	875
255	845
254.75	810.75
254.5	792.5
254.25	810
254	834.25
253.75	829
253.5	810.75
253.25	801.75
253	814.5
252.75	825.25
252.5	815.5
252.25	801.75
252	805.5
251.75	816.75
251.5	807.75
251.25	801.25
251	809.75
250.75	818.75
250.5	829.75
250.25	836.25
250	830
249.75	804.5
249.5	780.25
249.25	801.5
249	829.5
248.75	810.75
248.5	804.5
248.25	818.25
248	808.25
247.75	806.5
247.5	817.75
247.25	823.5
247	826.75
246.75	827.5
246.5	819.5
246.25	815.5
246	813.5
245.75	820.75
245.5	853.5
245.25	857.5
245	831
244.75	820
244.5	815
244.25	812
244	826
243.75	839.25
243.5	833
243.25	821
243	818
242.75	807.75
242.5	788
242.25	784.75
242	806
241.75	810
241.5	783.75
241.25	801.5
241	829.25
240.75	803.75
240.5	792.25
240.25	803
240	794.75
239.75	785.75
239.5	797.25
239.25	820.75
239	820
238.75	805
238.5	811.75
238.25	820.25
238	824
237.75	827
237.5	811.75
237.25	779
237	759.25
236.75	775.25
236.5	783.75
236.25	765.75
236	768.5
235.75	796.5
235.5	819
235.25	824.5
235	823
234.75	821
234.5	812
234.25	810
234	821.25
233.75	836.75
233.5	842.75
233.25	813.25
233	784.25
232.75	800.5
232.5	822.75
232.25	814
232	813.5
231.75	827.25
231.5	822
231.25	812
231	815.25
230.75	833.5
230.5	845.5
230.25	839
230	826.75
229.75	811.25
229.5	807.75
229.25	827.75
229	820
228.75	798.25
228.5	816.75
228.25	840.75
228	856
227.75	858.5
227.5	844.25
227.25	826.75
227	805.5
226.75	801
226.5	821.25
226.25	836.5
226	814
225.75	782
225.5	792.5
225.25	812
225	806.25
224.75	804.5
224.5	800.75
224.25	801
224	821.75
223.75	827.25
223.5	828.25
223.25	830.25
223	812
222.75	793
222.5	779
222.25	775.25
222	791
221.75	787.75
221.5	771
221.25	775.25
221	788.75
220.75	809
220.5	822.75
220.25	819.25
220	804.75
219.75	800
219.5	815
219.25	815
219	784
218.75	768.25
218.5	785
218.25	782.5
218	774.25
217.75	799
217.5	811.5
217.25	796
217	789.5
216.75	787
216.5	788.75
216.25	791
216	793
215.75	795.25
215.5	774.75
215.25	767
215	771.75
214.75	769.25
214.5	785.5
214.25	795.75
214	790.75
213.75	798
213.5	797.75
213.25	786.75
213	793.5
212.75	787.25
212.5	764.75
212.25	781.75
212	809.25
211.75	806.75
211.5	796.25
211.25	793.25
211	795.5
210.75	794.25
210.5	789.25
210.25	793.75
210	812.25
209.75	808.25
209.5	784
209.25	788.5
209	784
208.75	771.25
208.5	802.5
208.25	821
208	803.5
207.75	791.5
207.5	787.75
207.25	779.5
207	772.5
206.75	760.75
206.5	755.5
206.25	765.75
206	762
205.75	762.75
205.5	772
205.25	771
205	763
204.75	759.5
204.5	770.25
204.25	771
204	760
203.75	766.75
203.5	781.5
203.25	774.5
203	758
202.75	749.25
202.5	744.75
202.25	747
202	760.75
201.75	766.5
201.5	755.75
201.25	738
201	717.5
200.75	722
200.5	746
200.25	766.5
200	764
199.75	733.25
199.5	714.5
199.25	713.75
199	723.5
198.75	745.5
198.5	752.25
198.25	742.75
198	744.5
197.75	753
197.5	744.25
197.25	729.25
197	726.5
196.75	713.75
196.5	708.25
196.25	734.75
196	755.5
195.75	750
195.5	736
195.25	746.5
195	760.25
194.75	749.75
194.5	763.25
194.25	791
194	798.75
193.75	811.25
193.5	847.75
193.25	899.5
193	954
192.75	998.25
192.5	1032.5
192.25	1092
192	1169.25
191.75	1225.25
191.5	1268.25
191.25	1306.25
191	1319
190.75	1316
190.5	1287.75
190.25	1239.5
190	1189.25
189.75	1118.5
189.5	1045
189.25	995
189	974.75
188.75	940.25
188.5	883.25
188.25	839.75
188	801.75
187.75	769.75
187.5	753.5
187.25	760.75
187	766.75
186.75	757.25
186.5	762
186.25	770.5
186	754.25
185.75	730.25
185.5	732.5
185.25	736.75
185	730.75
184.75	750.75
184.5	760.25
184.25	728
184	710.75
183.75	723.75
183.5	738.75
183.25	739
183	739.75
182.75	759
182.5	771.75
182.25	764.75
182	747.75
181.75	739.75
181.5	736.75
181.25	732.5
181	741
180.75	750
180.5	732
180.25	700.75
180	692.5
179.75	696
179.5	693.25
179.25	691.25
179	690
178.75	692.75
178.5	693.5
178.25	675.5
178	658.5
177.75	671.5
177.5	691.5
177.25	697.75
177	696.25
176.75	695.5
176.5	682.75
176.25	656.75
176	655.75
175.75	668.25
175.5	674.5
175.25	685.25
175	700.25
174.75	694.5
174.5	681.5
174.25	689.5
174	690
173.75	694
173.5	701.5
173.25	694.75
173	685.75
172.75	676
172.5	679.75
172.25	682
172	680.5
171.75	689.5
171.5	672.5
171.25	659.5
171	680.75
170.75	691.75
170.5	712.75
170.25	755.75
170	765.75
169.75	746.25
169.5	750.75
169.25	743
169	709.25
168.75	720
168.5	747.75
168.25	731.25
168	708
167.75	714.5
167.5	708.25
167.25	687
167	662.75
166.75	644.75
166.5	666
166.25	683.5
166	674
165.75	674.5
165.5	672.25
165.25	663.75
165	666.5
164.75	664.5
164.5	660.25
164.25	654.75
164	639.75
163.75	632
163.5	643.5
163.25	647.75
163	642
162.75	659.75
162.5	669.75
162.25	660.25
162	666.75
161.75	675
161.5	662.5
161.25	650.25
161	653.5
160.75	647.5
160.5	637.5
160.25	638.25
160	639.5
159.75	636.25
159.5	642.75
159.25	652.25
159	649
158.75	651.5
158.5	649.75
158.25	634
158	631.75
157.75	645.75
157.5	648.25
157.25	651
157	668.75
156.75	675.75
156.5	671.75
156.25	665
156	663.75
155.75	665.5
155.5	672.5
155.25	689.5
155	691.25
154.75	686.75
154.5	701.75
154.25	741.5
154	755.25
153.75	741.25
153.5	752.25
153.25	743
153	714.5
152.75	709.25
152.5	704
152.25	704.75
152	700.75
151.75	692.75
151.5	702.25
151.25	696.25
151	667.75
150.75	644.5
150.5	639.5
150.25	634.25
150	622
149.75	612.75
149.5	615.75
149.25	624.25
149	639.25
148.75	651.75
148.5	642.5
148.25	637.5
148	624.75
147.75	616
147.5	626.25
147.25	621.75
147	607.25
146.75	595.75
146.5	610.5
146.25	633.75
146	618.5
145.75	593.75
145.5	589
145.25	592
145	586.25
144.75	574.75
144.5	581
144.25	598.5
144	601.5
143.75	593.75
143.5	597
143.25	596
143	569
142.75	550.5
142.5	553.5
142.25	540.25
142	528.75
141.75	538.5
141.5	533.75
141.25	512.25
141	503.5
140.75	513
140.5	518.75
140.25	522.75
140	527.5
139.75	522.75
139.5	518.75
139.25	517.75
139	510.75
138.75	507.75
138.5	518.5
138.25	520
138	523.5
137.75	546.25
137.5	557.25
137.25	552.25
137	549.25
136.75	567.25
136.5	590
136.25	602.75
136	647
135.75	712.25
135.5	777.75
135.25	871
135	996
134.75	1123.25
134.5	1253.75
134.25	1371.75
134	1449.75
133.75	1531.25
133.5	1632
133.25	1672.25
133	1605.25
132.75	1487.5
132.5	1345
132.25	1180.75
132	1024.5
131.75	894.25
131.5	794.25
131.25	718
131	653.75
130.75	609.5
130.5	590.25
130.25	564.5
130	541.75
129.75	534.25
129.5	521.25
129.25	515.75
129	516.75
128.75	506.25
128.5	492.25
128.25	495
128	512.25
127.75	519
127.5	517
127.25	511.25
127	489
126.75	486
126.5	518
126.25	539.75
126	553
125.75	573.25
125.5	593.75
125.25	598.25
125	580
124.75	575.75
124.5	599
124.25	600.75
124	570.25
123.75	552.25
123.5	558.75
123.25	563
123	540.5
122.75	525.75
122.5	530
122.25	520.5
122	518
121.75	523.75
121.5	511.5
121.25	486.25
121	474
120.75	487.75
120.5	492
120.25	483.5
120	494
119.75	501.5
119.5	502
119.25	509
119	511.25
118.75	509.75
118.5	506.5
118.25	496.5
118	499.75
117.75	526
117.5	529.25
117.25	509.5
117	499
116.75	493.5
116.5	494.5
116.25	482
116	457.75
115.75	452.5
115.5	462.75
115.25	474.25
115	478.5
114.75	490.25
114.5	497.75
114.25	483.75
114	486
113.75	500.75
113.5	493
113.25	483
113	478.5
112.75	468.5
112.5	461.25
112.25	454.75
112	455.75
111.75	469.25
111.5	473.25
111.25	462.75
111	454.25
110.75	445.75
110.5	443.25
110.25	442.25
110	439.5
109.75	439
109.5	433.75
109.25	438.25
109	445.5
108.75	449.75
108.5	450.25
108.25	436.5
108	421.5
107.75	421.25
107.5	436.25
107.25	442.25
107	432
106.75	435
106.5	444
106.25	435.5
106	428.5
105.75	442
105.5	461
105.25	468.25
105	461.25
104.75	459.25
104.5	465.5
104.25	473
104	481.5
103.75	478.75
103.5	490.75
103.25	522
103	552.25
102.75	575.25
102.5	586.25
102.25	589
102	579.25
101.75	573.25
101.5	569.5
101.25	542
101	510.25
100.75	503.5
100.5	500
100.25	473.5
100	446.75
99.75	450.5
99.5	464
99.25	456.25
99	448.25
98.75	446.5
98.5	441.25
98.25	441.75
98	439
97.75	422.75
97.5	409.75
97.25	414.75
97	428.5
96.75	445.25
96.5	439.75
96.25	418.25
96	419
95.75	424
95.5	417.75
95.25	403
95	408.75
94.75	448.5
94.5	466.25
94.25	456.5
94	446.25
93.75	432.75
93.5	427.5
93.25	427.75
93	435.5
92.75	450
92.5	449
92.25	441.25
92	450.25
91.75	459.75
91.5	447
91.25	428
91	422.25
90.75	439.5
90.5	460.75
90.25	467
90	465
89.75	461.75
89.5	471.75
89.25	479
89	462.75
88.75	452.5
88.5	461.75
88.25	461.25
88	441.5
87.75	425.5
87.5	427.5
87.25	442.25
87	448
86.75	442.5
86.5	441
86.25	445.25
86	451.5
85.75	447
85.5	436.75
85.25	430.5
85	425.5
84.75	421.5
84.5	422.5
84.25	419.75
84	408.5
83.75	411.5
83.5	420.75
83.25	425.75
83	429
82.75	422.5
82.5	426.25
82.25	425.25
82	401.75
81.75	402
81.5	422
81.25	414.5
81	387
80.75	388
80.5	413
80.25	413
80	403.5
79.75	404
79.5	402
79.25	411.5
79	414.75
78.75	399.5
78.5	390.75
78.25	387.75
78	396.75
77.75	407.5
77.5	392.25
77.25	370.75
77	380
76.75	409
76.5	413
76.25	390.5
76	389.75
75.75	412.25
75.5	430
75.25	435.5
75	431.25
74.75	436.75
74.5	448.5
74.25	458.5
74	456.75
73.75	441.75
73.5	432
73.25	436.75
73	442
72.75	427.25
72.5	435.5
72.25	446.75
72	414.5
71.75	408.25
71.5	428.25
71.25	428
71	420
70.75	408.5
70.5	401
70.25	405
70	405.75
69.75	396
69.5	387.25
69.25	374.25
69	368.5
68.75	377.25
68.5	389.75
68.25	401.25
68	391.25
67.75	380
67.5	389
67.25	406.25
67	411
66.75	397.5
66.5	392.25
66.25	413.5
66	428.75
65.75	410.5
65.5	394.5
65.25	393.25
65	397.25
64.75	403
64.5	403
64.25	406
64	408.25
63.75	422
63.5	451.25
63.25	458.75
63	434.5
62.75	411.75
62.5	427.75
62.25	465.5
62	474.25
61.75	447
61.5	420.25
61.25	413.25
61	415.25
60.75	421.5
60.5	418.75
60.25	396
60	382.75
59.75	392.75
59.5	404
59.25	398.25
59	396.5
58.75	419.5
58.5	427.25
58.25	404.25
58	390.75
57.75	400.5
57.5	410
57.25	401.75
57	394.25
56.75	404.5
56.5	403.5
56.25	379.5
56	360.75
55.75	362.5
55.5	373.75
55.25	376.5
55	372.25
54.75	372.75
54.5	372.75
54.25	363.75
54	359.5
53.75	359
53.5	357.75
53.25	367.25
53	368
52.75	358.5
52.5	357.5
52.25	362.5
52	367.75
51.75	373.25
51.5	381.25
51.25	379.5
51	381.5
50.75	396.5
50.5	402.25
50.25	395.5
50	383.25
49.75	385.75
49.5	400.5
49.25	405.5
49	404.5
48.75	394.5
48.5	378
48.25	371.75
48	374.25
47.75	383
47.5	389.75
47.25	383.75
47	380
46.75	377.75
46.5	376
46.25	386.75
46	401
45.75	414.75
45.5	422.75
45.25	426
45	441.25
44.75	478.5
44.5	515
44.25	526.25
44	521.75
43.75	510.25
43.5	497.5
43.25	490.75
43	488.25
42.75	466.75
42.5	429.25
42.25	403.75
42	388.25
41.75	378
41.5	384
41.25	387
41	371.25
40.75	357.5
40.5	343.75
40.25	334.25
40	333.5
39.75	324
39.5	308
39.25	305.5
39	314.25
38.75	323.75
38.5	330
38.25	323.25
38	310.25
37.75	304.25
37.5	303.5
37.25	305.5
37	321.5
36.75	328.25
36.5	306.5
36.25	301.75
36	317.25
35.75	313
35.5	305.5
35.25	312
35	309.25
34.75	302.75
34.5	310.5
34.25	317.25
34	325.25
33.75	324.5
33.5	305.25
33.25	300.25
33	316.25
32.75	324.75
32.5	313.25
32.25	300.75
32	294.25
31.75	294.5
31.5	303
31.25	307.75
31	308.25
30.75	309
30.5	302.5
30.25	294
30	290.25
29.75	290.25
29.5	298.5
29.25	301.5
29	301
28.75	316.5
28.5	332
28.25	337.5
28	346.75
27.75	365.75
27.5	392
27.25	417.5
27	443.25
26.75	480.75
26.5	525.25
26.25	580.25
26	655
25.75	738.75
25.5	802.25
25.25	801.25
25	779.5
24.75	792.75
24.5	799
24.25	766.75
24	715.5
23.75	674.5
23.5	629.25
23.25	586.25
23	562.5
22.75	520.75
22.5	470.5
22.25	434.25
22	405.5
21.75	384.75
21.5	358.5
21.25	323
21	302.5
20.75	300.5
20.5	303.5
20.25	292.5
20	267.25
19.75	255.25
19.5	249
19.25	248
19	249.75
18.75	248.75
18.5	266
18.25	280.5
18	282.75
17.75	291.25
17.5	300.75
17.25	306.5
17	299.5
16.75	291
16.5	298.25
16.25	300.25
16	295
15.75	294.25
15.5	283.5
15.25	270.25
15	267
14.75	262.75
14.5	264.25
14.25	265.25
14	257.5
13.75	252.5
13.5	242.75
13.25	237.25
13	246.25
12.75	254
12.5	252.75
12.25	254.75
12	259.25
11.75	249.25
11.5	244.75
11.25	257.25
11	265.75
10.75	270.5
10.5	274.75
10.25	276.5
10	266.25
9.75	251.25
9.5	264.75
9.25	284.25
9	279.75
8.75	272
8.5	270.25
8.25	266.25
8	260.5
7.75	263.25
7.5	265.75
7.25	256
7	236.25
6.75	226.5
6.5	241
6.25	252.5
6	255.25
5.75	259.5
5.5	256.5
5.25	245.75
5	231.5
4.75	217
4.5	214.5
4.25	217.5
4	214.75
3.75	211.75
3.5	201.25
3.25	190
3	190.25
2.75	189
2.5	176.75
2.25	167
2	165.5
1.75	164.5
1.5	173.75
1.25	182
1	172
0.75	159.75
0.5	157.25
0.25	158.5
0	156.25
